Number of Customers
15
Number of Robot stations
1
Number of Trucks
1
Number of Robots per station
1
Truck Capacity [kg]
600
Number of no-fly zones:
3
Nodes in no-fly zones:
1 2 14 
Drone speed [m/s]
8.33
Drone battery [J]
600000
Maximum robot driving time [s]
3600
Pacel weight [node] [kg]
0	0
1	2.76108
2	1.67825
3	0.268981
4	0.733604
5	2.58776
6	4.0561
7	4.1862
8	3.96084
9	4.48468
10	4.79274
11	1.30934
12	2.8499
13	3.66969
14	2.19686
15	3.17411
16	0
Node	latitud	longitud	t-start [s]	t-stop[s]	address
Depot
0	52.3405	4.84348	0	28800		Pilotenstraat 26, Amsterdam						
Customers
1	52.3692	4.91319	17402	28202		Binnenkadijk 213, 1018ZE Amsterdam						
2	52.3699	4.93021	16945	27745		Blankenstraat 290, 1018SJ Amsterdam						
3	52.3726	4.92218	5676	16476		Jacob Burggraafstraat 17, 1018WA Amsterdam						
4	52.37	4.9114	7959	18759		Kadijksplein 2A, 1018AB Amsterdam						
5	52.3742	4.90249	7011	17811		Kromme Waal 30C, 1011BV Amsterdam						
6	52.3746	4.92207	15173	25973		Marinierskade 1, 1018HX Amsterdam						
7	52.3705	4.9045	4678	15478		Nieuwe Batavierstraat 13, 1011LK Amsterdam						
8	52.3646	4.90767	3356	14156		Nieuwe Kerkstraat 123, 1018VK Amsterdam						
9	52.3706	4.92422	15241	26041		Nieuwe Oostenburgerdwarsstraat 7B, 1018MA Amsterdam						
10	52.3696	4.91675	2327	13127		Nieuwevaart 154, 1018ZM Amsterdam						
11	52.3691	4.92149	4336	15136		Oostenburgergracht 25, 1018NA Amsterdam						
12	52.3731	4.88351	5032	15832		Prinsengracht 311D, 1016GX Amsterdam						
13	52.3734	4.92838	14193	24993		VOC-kade 196, 1018LG Amsterdam						
14	52.3761	4.89888	11704	22504		Warmoesstraat 16M, 1012JD Amsterdam						
15	52.373	4.92561	10982	21782		Windroosplein 122, 1018ZW Amsterdam						
Robot station
16	52.3738	4.89578	0	28800		Amsterdam Centrum						
Truck driving time matrix [s]
0 1197 1370 1329 1192 1253 1154 1241 986 1359 1251 1190 896 1349 1302 1373 1375 
1383 0 474 213 28 227 173 198 314 243 137 152 642 454 368 288 454 
1332 293 0 251 285 394 213 365 435 340 337 132 677 146 535 326 621 
1386 229 436 0 220 330 227 301 446 205 272 115 726 416 471 101 558 
1381 34 472 211 0 225 171 196 312 241 135 150 640 452 366 286 452 
1189 379 622 466 371 0 350 406 413 496 440 405 499 601 239 541 311 
1197 170 345 205 162 271 0 243 387 235 214 145 536 325 408 280 480 
1288 242 640 379 234 185 339 0 230 409 303 318 676 619 326 454 486 
1232 251 610 388 243 381 349 352 0 418 312 327 798 590 522 463 609 
1337 378 382 450 406 592 364 563 450 0 502 330 818 361 700 525 763 
1335 262 443 327 290 470 367 441 416 415 0 207 868 422 611 402 698 
1276 161 322 119 153 262 159 234 378 91 205 0 659 301 404 194 490 
954 702 845 737 694 662 568 780 814 772 745 677 0 825 711 818 789 
1415 376 186 334 368 477 247 448 518 422 419 215 711 0 583 409 655 
1566 685 952 769 678 612 739 675 663 792 719 729 1033 931 0 823 160 
1430 273 480 88 264 374 271 345 490 249 316 159 770 460 515 0 602 
1523 546 910 683 537 461 643 528 533 713 607 622 952 890 297 758 0 
Drone flying time matrix [s]
0 155 285 216 137 55 214 84 156 236 180 219 130 108 266 259 243 
155 0 139 86 18 109 102 73 76 92 29 68 31 53 136 115 113 
285 139 0 74 153 233 91 210 197 50 110 72 156 192 49 27 55 
216 86 74 0 94 162 27 147 159 31 59 47 92 134 52 47 28 
137 18 153 94 0 92 106 57 77 105 44 83 16 40 146 129 123 
55 109 233 162 92 0 160 52 134 183 131 169 81 75 211 206 189 
214 102 91 27 106 160 0 153 177 56 79 74 100 144 54 66 36 
84 73 210 147 57 52 153 0 82 161 101 140 55 25 199 185 175 
156 76 197 159 77 134 177 82 0 157 99 127 91 61 206 178 184 
236 92 50 31 105 183 56 161 157 0 62 30 107 144 51 24 33 
180 29 110 59 44 131 79 101 99 62 0 39 50 82 108 86 85 
219 68 72 47 83 169 74 140 127 30 39 0 89 121 81 51 62 
130 31 156 92 16 81 100 55 91 107 50 89 0 44 144 131 121 
108 53 192 134 40 75 144 25 61 144 82 121 44 0 186 168 162 
266 136 49 52 146 211 54 199 206 51 108 81 144 186 0 38 23 
259 115 27 47 129 206 66 185 178 24 86 51 131 168 38 0 33 
243 113 55 28 123 189 36 175 184 33 85 62 121 162 23 33 0 
Robot driving time matrix [s]
0 4037 4647 4528 4078 3813 4551 3769 3567 4585 4193 4399 3244 4872 3795 4674 3600 
4037 0 891 601 80 691 666 566 470 631 210 446 1504 866 909 720 1005 
4647 891 0 615 968 1409 807 1289 1205 429 710 467 2270 270 1623 734 1724 
4528 601 615 0 639 1027 198 907 988 342 398 364 1888 576 1237 205 1341 
4078 80 968 639 0 686 661 561 535 709 288 523 1499 943 905 797 1001 
3813 691 1395 1027 686 0 1049 328 876 1128 742 942 957 1363 264 1217 340 
4551 666 807 198 661 1049 0 929 1136 535 591 557 1910 769 1125 232 1320 
3769 566 1275 907 561 328 929 0 578 1008 622 822 1035 1243 529 1097 512 
3567 470 1205 988 535 876 1136 578 0 1018 625 832 1385 1252 1032 1107 981 
4617 664 429 342 741 1161 535 1041 1050 0 461 427 2021 326 1374 461 1475 
4193 210 695 398 288 742 591 622 625 429 0 243 1603 663 960 517 1056 
4399 446 453 364 523 942 557 822 832 186 243 0 1803 420 1156 483 1257 
3244 1504 2256 1888 1499 957 1910 1035 1385 1989 1603 1803 0 2223 813 2078 617 
4872 898 270 576 975 1395 769 1275 1284 326 695 692 2256 0 1609 695 1710 
3795 909 1609 1237 905 264 1125 529 1032 1342 960 1156 813 1576 0 1357 195 
4674 720 734 205 797 1217 232 1097 1107 461 517 483 2078 695 1357 0 1532 
3600 1005 1710 1341 1001 340 1320 512 981 1443 1056 1257 617 1677 195 1532 0 
Truck driving distance matrix [km]
0 11 12.59 12.92 10.98 11 11.69 11.09 10.27 13.06 11.26 11.24 7.61 12.33 11.25 14.41 11.47 
8.54 0 3.13 1.15 0.13 1.2 1.12 0.98 1.45 1.3 0.62 0.96 3.81 2.86 1.64 1.41 2.1 
8.8 1.82 0 1.5 1.79 2.44 1.78 2.22 2.47 1.9 1.99 0.87 5.03 0.6 2.89 1.76 3.87 
9.17 1.21 2.78 0 1.18 1.84 1.45 1.61 2.27 0.95 1.38 0.61 5.02 2.51 2.28 0.34 2.74 
8.51 0.13 3.1 1.13 0 1.18 1.1 0.95 1.42 1.28 0.59 0.93 3.79 2.83 1.62 1.39 2.08 
11.8 1.47 4.29 2.04 1.45 0 2.52 1.6 1.87 2.19 1.73 1.84 2.84 4.02 0.91 2.3 1.13 
12.69 1.13 2.25 1.38 1.1 1.76 0 1.53 2.19 1.52 1.3 1.18 3.72 1.98 2.34 1.64 2.56 
8.04 1.24 4 2.03 1.21 0.87 2 0 0.95 2.17 1.49 1.83 3.79 3.73 1.31 2.29 1.89 
7.72 1.26 3.56 2.05 1.24 2.02 2.02 1.79 0 2.2 1.52 1.86 4.63 3.3 2.46 2.31 2.92 
8.81 1.61 2.41 2.26 1.73 2.81 2.87 2.58 2.49 0 2.22 1.63 6.13 2.14 4.74 2.52 4.96 
8.73 1.08 2.64 1.74 1.21 2.69 2.3 2.46 2.41 2.14 0 1.11 5.87 2.37 3.13 2 3.59 
8.57 0.95 2.17 0.63 0.92 1.58 1.19 1.35 2.01 0.35 1.12 0 4.76 1.9 2.02 0.89 2.48 
6.44 4.97 5.76 5.22 4.94 3.3 3.99 5.37 3.89 5.37 5.14 5.02 0 5.49 3.55 5.48 3.77 
9.25 2.27 0.95 1.95 2.24 2.9 1.95 2.67 2.92 2.35 2.44 1.32 5.21 0 3.82 2.21 4.04 
9.79 3.1 5.86 3.89 3.07 2.54 3.86 2.76 2.71 4.03 3.35 3.69 5.46 5.59 0 4.15 0.58 
9.37 1.41 2.98 0.34 1.38 2.04 1.65 1.81 2.47 1.15 1.58 0.81 5.22 2.71 2.48 0 2.94 
9.36 2.49 5.42 3.29 2.47 1.98 3.26 2.2 2.21 3.43 2.75 3.09 4.9 5.16 0.96 3.55 0 
Drone flying distance matrix [km]
0 1.29 2.38 1.8 1.15 0.46 1.79 0.7 1.3 1.96 1.5 1.82 1.08 0.9 2.21 2.16 2.03 
1.29 0 1.16 0.71 0.15 0.91 0.85 0.61 0.63 0.76 0.25 0.56 0.25 0.44 1.13 0.96 0.94 
2.38 1.16 0 0.62 1.28 1.94 0.76 1.75 1.64 0.41 0.91 0.6 1.3 1.6 0.41 0.23 0.46 
1.8 0.71 0.62 0 0.79 1.35 0.22 1.22 1.32 0.26 0.49 0.39 0.77 1.12 0.43 0.39 0.24 
1.15 0.15 1.28 0.79 0 0.77 0.89 0.47 0.64 0.87 0.37 0.69 0.13 0.33 1.22 1.07 1.02 
0.46 0.91 1.94 1.35 0.77 0 1.33 0.43 1.12 1.53 1.09 1.41 0.68 0.62 1.76 1.72 1.58 
1.79 0.85 0.76 0.22 0.89 1.33 0 1.28 1.47 0.46 0.66 0.61 0.84 1.2 0.45 0.55 0.3 
0.7 0.61 1.75 1.22 0.47 0.43 1.28 0 0.69 1.34 0.84 1.16 0.46 0.21 1.65 1.54 1.46 
1.3 0.63 1.64 1.32 0.64 1.12 1.47 0.69 0 1.31 0.83 1.06 0.76 0.51 1.71 1.49 1.53 
1.96 0.76 0.41 0.26 0.87 1.53 0.46 1.34 1.31 0 0.52 0.25 0.89 1.2 0.42 0.2 0.28 
1.5 0.25 0.91 0.49 0.37 1.09 0.66 0.84 0.83 0.52 0 0.33 0.42 0.68 0.9 0.72 0.71 
1.82 0.56 0.6 0.39 0.69 1.41 0.61 1.16 1.06 0.25 0.33 0 0.74 1 0.68 0.43 0.52 
1.08 0.25 1.3 0.77 0.13 0.68 0.84 0.46 0.76 0.89 0.42 0.74 0 0.37 1.2 1.09 1 
0.9 0.44 1.6 1.12 0.33 0.62 1.2 0.21 0.51 1.2 0.68 1 0.37 0 1.55 1.4 1.35 
2.21 1.13 0.41 0.43 1.22 1.76 0.45 1.65 1.71 0.42 0.9 0.68 1.2 1.55 0 0.31 0.2 
2.16 0.96 0.23 0.39 1.07 1.72 0.55 1.54 1.49 0.2 0.72 0.43 1.09 1.4 0.31 0 0.27 
2.03 0.94 0.46 0.24 1.02 1.58 0.3 1.46 1.53 0.28 0.71 0.52 1 1.35 0.2 0.27 0 
Robot driving distance matrix [km]
0 6.73 7.75 7.55 6.8 6.36 7.58 6.28 5.95 7.64 6.99 7.33 5.41 8.12 6.32 7.79 6 
6.73 0 1.48 1 0.13 1.15 1.11 0.94 0.78 1.05 0.35 0.74 2.51 1.44 1.52 1.2 1.68 
7.75 1.48 0 1.02 1.61 2.35 1.35 2.15 2.01 0.71 1.18 0.78 3.78 0.45 2.71 1.22 2.87 
7.55 1 1.02 0 1.06 1.71 0.33 1.51 1.65 0.57 0.66 0.61 3.15 0.96 2.06 0.34 2.24 
6.8 0.13 1.61 1.06 0 1.14 1.1 0.94 0.89 1.18 0.48 0.87 2.5 1.57 1.51 1.33 1.67 
6.36 1.15 2.32 1.71 1.14 0 1.75 0.55 1.46 1.88 1.24 1.57 1.6 2.27 0.44 2.03 0.57 
7.58 1.11 1.35 0.33 1.1 1.75 0 1.55 1.89 0.89 0.98 0.93 3.18 1.28 1.87 0.39 2.2 
6.28 0.94 2.13 1.51 0.94 0.55 1.55 0 0.96 1.68 1.04 1.37 1.73 2.07 0.88 1.83 0.85 
5.95 0.78 2.01 1.65 0.89 1.46 1.89 0.96 0 1.7 1.04 1.39 2.31 2.09 1.72 1.84 1.63 
7.7 1.11 0.71 0.57 1.24 1.93 0.89 1.73 1.75 0 0.77 0.71 3.37 0.54 2.29 0.77 2.46 
6.99 0.35 1.16 0.66 0.48 1.24 0.98 1.04 1.04 0.71 0 0.4 2.67 1.11 1.6 0.86 1.76 
7.33 0.74 0.75 0.61 0.87 1.57 0.93 1.37 1.39 0.31 0.4 0 3.01 0.7 1.93 0.81 2.1 
5.41 2.51 3.76 3.15 2.5 1.6 3.18 1.73 2.31 3.32 2.67 3.01 0 3.71 1.35 3.46 1.03 
8.12 1.5 0.45 0.96 1.63 2.32 1.28 2.12 2.14 0.54 1.16 1.15 3.76 0 2.68 1.16 2.85 
6.32 1.52 2.68 2.06 1.51 0.44 1.87 0.88 1.72 2.24 1.6 1.93 1.35 2.63 0 2.26 0.33 
7.79 1.2 1.22 0.34 1.33 2.03 0.39 1.83 1.84 0.77 0.86 0.81 3.46 1.16 2.26 0 2.55 
6 1.68 2.85 2.24 1.67 0.57 2.2 0.85 1.63 2.4 1.76 2.1 1.03 2.8 0.33 2.55 0 
