Number of Customers
15
Number of Robot stations
1
Number of Trucks
1
Number of Robots per station
1
Truck Capacity [kg]
600
Number of no-fly zones:
3
Nodes in no-fly zones:
15 7 4 
Drone speed [m/s]
8.33
Drone battery [J]
600000
Maximum robot driving time [s]
3600
Pacel weight [node] [kg]
0	0
1	0.937428
2	2.69079
3	3.93632
4	4.32991
5	0.670946
6	1.59451
7	0.59498
8	2.59374
9	3.80532
10	2.67225
11	2.14377
12	2.33175
13	3.85287
14	1.80805
15	1.01639
16	0
Node	latitud	longitud	t-start [s]	t-stop[s]	address
Depot
0	52.3405	4.84348	0	28800		Pilotenstraat 26, Amsterdam						
Customers
1	52.3595	4.88994	11142	21942		Eerste Weteringplantsoen 42, 1017SK Amsterdam						
2	52.368	4.88607	11557	22357		Herengracht 384E, 1016CJ Amsterdam						
3	52.3675	4.89162	6563	17363		Kalverstraat 220A, 1012XJ Amsterdam						
4	52.3624	4.88616	8483	19283		Korte Leidsedwarsstraat 203, 1017RB Amsterdam						
5	52.3668	4.87851	15812	26612		Nieuwe Passeerdersstraat 144, 1016XP Amsterdam						
6	52.3635	4.90528	5844	16644		Nieuwe Prinsengracht 45, 1018EG Amsterdam						
7	52.3613	4.89395	16841	27641		Noorderdwarsstraat 11, 1017TX Amsterdam						
8	52.372	4.89703	16126	26926		Oudezijds Achterburgwal 140E, 1012DV Amsterdam						
9	52.3672	4.88107	3771	14571		Passeerdersgracht 20A, 1016XH Amsterdam						
10	52.3697	4.90065	8352	19152		Pentagon 42, 1011WD Amsterdam						
11	52.3605	4.90575	5008	15808		Sarphatistraat 16, 1018GK Amsterdam						
12	52.376	4.89166	2015	12815		Singel 91D, 1012VG Amsterdam						
13	52.3652	4.8961	4561	15361		Thorbeckeplein 13D, 1017CS Amsterdam						
14	52.3761	4.89888	17723	28523		Warmoesstraat 16R, 1012JD Amsterdam						
15	52.3617	4.88874	10335	21135		Weteringstraat 20, 1017SN Amsterdam						
Robot station
16	52.3738	4.89578	0	28800		Amsterdam Centrum						
Truck driving time matrix [s]
0 814 913 1004 775 736 1040 901 1341 853 1270 1018 1060 992 1302 794 1375 
921 0 281 222 180 376 419 124 804 382 653 215 552 210 765 200 916 
977 481 0 385 454 252 796 393 754 259 683 592 271 374 715 473 787 
1101 415 125 0 388 348 699 328 879 354 808 495 396 242 840 408 912 
957 161 421 383 0 407 581 285 965 414 815 377 692 372 927 173 1078 
810 298 176 418 258 0 648 345 908 116 859 513 447 406 882 278 949 
1119 403 528 469 462 658 0 331 501 664 349 87 797 329 463 482 622 
1062 266 340 281 239 435 492 0 878 441 726 288 611 199 840 259 991 
1500 803 929 869 862 1039 527 731 0 1045 234 487 811 729 204 882 363 
879 375 218 460 336 78 726 387 865 0 796 591 389 448 828 356 906 
1265 568 694 635 628 805 293 497 385 811 0 253 678 495 347 648 506 
1060 315 441 382 375 571 335 244 722 577 569 0 712 242 683 395 832 
1167 729 392 634 702 500 898 642 679 507 608 840 0 622 640 722 713 
1136 362 280 205 335 455 457 205 844 462 691 253 550 0 805 355 956 
1566 887 1002 950 943 1105 715 849 361 1111 477 694 1015 848 0 963 160 
906 111 311 265 84 297 530 182 915 303 764 326 582 253 876 0 1027 
1523 846 960 909 902 1062 619 808 211 1069 326 579 934 807 297 922 0 
Drone flying time matrix [s]
0 197 111 92 172 169 158 168 27 149 68 107 196 63 116 195 172 
197 0 118 107 49 135 136 40 176 126 162 95 129 170 91 44 31 
111 118 0 46 75 64 167 110 104 42 121 38 189 124 90 139 87 
92 107 46 0 81 107 123 85 74 86 80 16 148 84 48 114 81 
172 49 75 81 0 86 157 65 156 77 154 65 162 160 89 85 23 
169 135 64 107 86 0 222 146 166 21 185 95 238 188 145 170 108 
158 136 167 123 157 222 0 97 131 203 91 130 41 97 78 100 137 
168 40 110 85 65 146 97 0 145 132 125 77 97 133 55 30 43 
27 176 104 74 156 166 131 145 0 145 42 91 169 38 91 171 153 
149 126 42 86 77 21 203 132 145 0 163 75 220 166 125 158 97 
68 162 121 80 154 185 91 125 42 163 0 95 131 8 71 147 145 
107 95 38 16 65 95 130 77 91 75 95 0 151 100 52 107 67 
196 129 189 148 162 238 41 97 169 220 131 151 0 137 101 87 140 
63 170 124 84 160 188 97 133 38 166 8 100 137 0 79 155 152 
116 91 90 48 89 145 78 55 91 125 71 52 101 79 0 80 76 
195 44 139 114 85 170 100 30 171 158 147 107 87 155 80 0 63 
172 31 87 81 23 108 137 43 153 97 145 67 140 152 76 63 0 
Robot driving time matrix [s]
0 2759 3067 3197 2691 2723 3495 2992 3529 2858 3583 3420 3700 3175 3795 2711 3600 
2759 0 724 640 260 697 856 268 938 725 977 661 1303 568 1279 173 1084 
3067 724 0 366 554 439 1010 685 594 354 714 1150 655 497 853 568 658 
3197 640 366 0 673 755 774 572 486 668 525 919 734 287 750 597 555 
2691 260 554 673 0 477 925 422 974 466 1013 920 1188 605 1283 141 1087 
2723 697 439 755 477 0 1316 851 984 135 1103 1357 1044 886 1243 607 1048 
3495 856 1010 774 925 1316 0 614 808 1230 568 309 1303 549 1062 812 1011 
2992 268 685 572 422 851 614 0 870 765 850 600 1234 378 1211 290 1015 
3529 938 594 486 974 984 808 870 0 860 240 1031 548 549 366 895 216 
2858 725 354 668 466 135 1230 765 860 0 980 1319 921 800 1119 575 924 
3583 977 714 525 1013 1103 568 850 240 980 0 791 734 473 494 934 443 
3420 661 1150 919 920 1357 309 600 1031 1319 791 0 1525 694 1285 833 1234 
3700 1303 655 734 1188 1044 1303 1234 548 921 734 1525 0 949 361 1202 358 
3175 568 497 287 605 886 549 378 549 800 473 694 949 0 861 525 737 
3795 1279 853 750 1283 1243 1062 1211 366 1119 494 1285 361 861 0 1236 195 
2711 173 568 597 141 607 812 290 895 575 934 833 1202 525 1236 0 1041 
3600 1084 658 555 1087 1048 1011 1015 216 924 443 1234 358 737 195 1041 0 
Truck driving distance matrix [km]
0 5.18 6.44 6.03 4.93 5.68 10.44 5.55 11.41 6.18 11.32 6.41 8.33 5.94 11.25 4.97 11.47 
5.8 0 1.26 1.04 0.8 1.56 2.28 0.55 4.07 1.55 3.55 1.24 2.37 0.94 3.91 0.84 4.49 
6.57 2 0 1.52 1.76 1.09 3.62 1.5 3.83 1.07 3.74 2.58 1.11 1.42 3.67 1.8 3.89 
7.04 1.69 0.46 0 1.45 1.41 3.25 1.19 4.29 1.39 4.2 2.2 1.57 0.81 4.13 1.49 4.35 
5.78 0.75 1.49 1.79 0 1.56 3.03 1.3 4.82 1.54 4.3 1.99 2.61 1.69 4.66 0.62 5.24 
5.94 1.45 0.76 1.71 1.2 0 3.45 1.49 4.83 0.5 4.5 2.68 1.87 1.62 4.67 1.24 4.89 
7.21 2.18 2.66 2.44 2.35 3.12 0 1.78 2.22 3.1 1.71 0.56 4.07 1.89 2.06 2.4 2.64 
6.23 1.2 1.41 1.2 0.96 1.72 2.38 0 4.17 1.71 3.65 1.34 2.53 0.71 4.01 1 4.59 
8.87 3.83 4.31 4.1 4.01 4.78 2.19 3.44 0 4.76 0.88 2.21 3.73 3.55 0.66 4.06 1.24 
6.31 1.84 0.97 1.93 1.59 0.39 3.84 1.7 4.23 0 4.14 3.07 1.66 1.83 4.07 1.63 4.29 
7.98 2.95 3.43 3.21 3.13 3.89 1.3 2.56 1.57 3.87 0 1.33 3.42 2.66 1.41 3.17 1.99 
6.74 1.62 2.1 1.88 1.8 2.56 1.76 1.23 3.55 2.55 3.03 0 3.21 1.33 3.39 1.84 3.97 
7.72 2.9 1.46 2.41 2.65 1.99 4.69 2.4 3.47 1.96 3.39 3.47 0 2.32 3.31 2.7 3.53 
7.06 1.57 1.1 0.74 1.33 1.91 2.44 0.92 4.22 1.89 3.71 1.39 2.21 0 4.06 1.37 4.64 
9.79 4.76 5.24 5.02 4.94 5.7 3.11 4.37 1.33 5.68 1.88 3.14 4.99 4.47 0 4.98 0.58 
5.55 0.51 1.08 1.15 0.27 1.14 2.8 0.74 4.58 1.12 4.07 1.75 2.19 1.06 4.42 0 5 
9.36 4.33 4.81 4.59 4.51 5.27 2.62 3.94 0.77 5.25 1.31 2.64 4.43 4.04 0.96 4.55 0 
Drone flying distance matrix [km]
0 1.64 0.93 0.76 1.43 1.41 1.31 1.4 0.23 1.24 0.56 0.89 1.64 0.52 0.96 1.63 1.43 
1.64 0 0.98 0.89 0.41 1.13 1.13 0.34 1.47 1.05 1.35 0.79 1.08 1.41 0.76 0.37 0.26 
0.93 0.98 0 0.38 0.63 0.53 1.4 0.92 0.87 0.35 1.01 0.32 1.58 1.04 0.75 1.16 0.73 
0.76 0.89 0.38 0 0.68 0.89 1.03 0.71 0.62 0.72 0.66 0.14 1.24 0.7 0.4 0.95 0.67 
1.43 0.41 0.63 0.68 0 0.72 1.3 0.54 1.3 0.64 1.28 0.55 1.35 1.33 0.74 0.71 0.19 
1.41 1.13 0.53 0.89 0.72 0 1.85 1.22 1.38 0.18 1.54 0.79 1.98 1.57 1.21 1.42 0.9 
1.31 1.13 1.4 1.03 1.3 1.85 0 0.81 1.09 1.69 0.76 1.08 0.34 0.81 0.65 0.83 1.14 
1.4 0.34 0.92 0.71 0.54 1.22 0.81 0 1.21 1.1 1.04 0.64 0.81 1.11 0.46 0.25 0.36 
0.23 1.47 0.87 0.62 1.3 1.38 1.09 1.21 0 1.21 0.35 0.76 1.41 0.32 0.76 1.42 1.28 
1.24 1.05 0.35 0.72 0.64 0.18 1.69 1.1 1.21 0 1.36 0.62 1.84 1.39 1.05 1.31 0.81 
0.56 1.35 1.01 0.66 1.28 1.54 0.76 1.04 0.35 1.36 0 0.79 1.09 0.07 0.59 1.22 1.21 
0.89 0.79 0.32 0.14 0.55 0.79 1.08 0.64 0.76 0.62 0.79 0 1.26 0.83 0.43 0.89 0.56 
1.64 1.08 1.58 1.24 1.35 1.98 0.34 0.81 1.41 1.84 1.09 1.26 0 1.15 0.84 0.72 1.16 
0.52 1.41 1.04 0.7 1.33 1.57 0.81 1.11 0.32 1.39 0.07 0.83 1.15 0 0.66 1.29 1.26 
0.96 0.76 0.75 0.4 0.74 1.21 0.65 0.46 0.76 1.05 0.59 0.43 0.84 0.66 0 0.66 0.63 
1.63 0.37 1.16 0.95 0.71 1.42 0.83 0.25 1.42 1.31 1.22 0.89 0.72 1.29 0.66 0 0.52 
1.43 0.26 0.73 0.67 0.19 0.9 1.14 0.36 1.28 0.81 1.21 0.56 1.16 1.26 0.63 0.52 0 
Robot driving distance matrix [km]
0 4.6 5.11 5.33 4.48 4.54 5.82 4.99 5.88 4.76 5.97 5.7 6.17 5.29 6.32 4.52 6 
4.6 0 1.21 1.07 0.43 1.16 1.43 0.45 1.56 1.21 1.63 1.1 2.17 0.95 2.13 0.29 1.81 
5.11 1.21 0 0.61 0.92 0.73 1.68 1.14 0.99 0.59 1.19 1.92 1.09 0.83 1.42 0.95 1.1 
5.33 1.07 0.61 0 1.12 1.26 1.29 0.95 0.81 1.11 0.88 1.53 1.22 0.48 1.25 1 0.92 
4.48 0.43 0.92 1.12 0 0.79 1.54 0.7 1.62 0.78 1.69 1.53 1.98 1.01 2.14 0.23 1.81 
4.54 1.16 0.73 1.26 0.79 0 2.19 1.42 1.64 0.22 1.84 2.26 1.74 1.48 2.07 1.01 1.75 
5.82 1.43 1.68 1.29 1.54 2.19 0 1.02 1.35 2.05 0.95 0.52 2.17 0.92 1.77 1.35 1.69 
4.99 0.45 1.14 0.95 0.7 1.42 1.02 0 1.45 1.28 1.42 1 2.06 0.63 2.02 0.48 1.69 
5.88 1.56 0.99 0.81 1.62 1.64 1.35 1.45 0 1.43 0.4 1.72 0.91 0.91 0.61 1.49 0.36 
4.76 1.21 0.59 1.11 0.78 0.22 2.05 1.28 1.43 0 1.63 2.2 1.53 1.33 1.87 0.96 1.54 
5.97 1.63 1.19 0.88 1.69 1.84 0.95 1.42 0.4 1.63 0 1.32 1.22 0.79 0.82 1.56 0.74 
5.7 1.1 1.92 1.53 1.53 2.26 0.52 1 1.72 2.2 1.32 0 2.54 1.16 2.14 1.39 2.06 
6.17 2.17 1.09 1.22 1.98 1.74 2.17 2.06 0.91 1.53 1.22 2.54 0 1.58 0.6 2 0.6 
5.29 0.95 0.83 0.48 1.01 1.48 0.92 0.63 0.91 1.33 0.79 1.16 1.58 0 1.44 0.87 1.23 
6.32 2.13 1.42 1.25 2.14 2.07 1.77 2.02 0.61 1.87 0.82 2.14 0.6 1.44 0 2.06 0.33 
4.52 0.29 0.95 1 0.23 1.01 1.35 0.48 1.49 0.96 1.56 1.39 2 0.87 2.06 0 1.73 
6 1.81 1.1 0.92 1.81 1.75 1.69 1.69 0.36 1.54 0.74 2.06 0.6 1.23 0.33 1.73 0 
