Number of Customers
50
Number of Robot stations
5
Number of Trucks
1
Number of Robots per station
1
Truck Capacity [kg]
600
Number of no-fly zones:
10
Nodes in no-fly zones:
39 20 18 37 30 26 34 16 28 46 
Drone speed [m/s]
8.33
Drone battery [J]
600000
Maximum robot driving time [s]
3600
Pacel weight [node] [kg]
0	0
1	4.25768
2	0.743623
3	0.296646
4	2.46409
5	4.15166
6	3.76509
7	3.61361
8	1.70143
9	1.58569
10	1.99229
11	1.63518
12	4.34636
13	0.660927
14	2.12269
15	3.02247
16	3.51087
17	1.50434
18	4.13117
19	4.33066
20	2.93843
21	0.411045
22	3.9082
23	2.30946
24	2.76287
25	3.77706
26	3.52493
27	2.92273
28	4.91656
29	2.6872
30	2.32756
31	4.57321
32	2.81401
33	4.4781
34	3.31752
35	4.07778
36	0.79028
37	4.43518
38	3.11713
39	2.8825
40	3.4207
41	3.7455
42	4.87573
43	3.25561
44	0.600961
45	0.96928
46	2.8191
47	1.3521
48	1.21722
49	4.34471
50	2.29526
51	0
52	0
53	0
54	0
55	0
Node	latitud	longitud	t-start [s]	t-stop[s]	address
Depot
0	52.3405	4.84348	0	28800		Pilotenstraat 26, Amsterdam	
Customers
1	52.3784	4.88572	6057	16857		Anjeliersstraat 6C, 1015NH Amsterdam	
2	52.3461	4.85305	669	11469		Artemisstraat 3, 1076DV Amsterdam	
3	52.3454	4.85446	11457	22257		Artemisstraat 95, 1076DV Amsterdam	
4	52.3857	4.90526	17680	28480		Bercylaan 1437, 1031KP Amsterdam	
5	52.3723	4.87153	4884	15684		Bilderdijkstraat 3, 1052NA Amsterdam	
6	52.3643	4.86369	11756	22556		Borgerstraat 147, 1053PG Amsterdam	
7	52.3562	4.94701	10380	21180		Carolina MacGillavrylaan 2052, 1098XE Amsterdam	
8	52.3654	4.87794	11727	22527		Derde Helmersstraat 7C, 1054AZ Amsterdam	
9	52.3692	4.86745	4205	15005		Elisabeth Wolffstraat 60, 1053TV Amsterdam	
10	52.4021	4.93034	9676	20476		Elzenhagensingel 1433, 1022LA Amsterdam	
11	52.3488	4.93966	10160	20960		Finsenstraat 36, 1098RH Amsterdam	
12	52.3549	4.8915	16186	26986		Govert Flinckstraat 109, 1072EE Amsterdam	
13	52.3499	4.90551	8150	18950		Granaatstraat 26, 1074HN Amsterdam	
14	52.3417	4.90037	3704	14504		Griftstraat 35, 1079XW Amsterdam	
15	52.3701	4.88016	16982	27782		Hazenstraat 54, 1016SR Amsterdam	
16	52.4104	4.89088	9490	20290		Hellingbaan 370, 1033DB Amsterdam	
17	52.371	4.88737	9464	20264		Herengracht 283, 1016BK Amsterdam	
18	52.3475	4.9291	6480	17280		Hugo de Vrieslaan 114, 1097ED Amsterdam	
19	52.3716	4.92303	11321	22121		Jacob Burggraafstraat 96, 1018WA Amsterdam	
20	52.3769	4.86242	4027	14827		Jasper Leijnsenstraat 4, 1056XX Amsterdam	
21	52.3654	4.86601	10544	21344		Kinkerstraat 223B, 1053DS Amsterdam	
22	52.3815	4.88983	9130	19930		Korte Prinsengracht 21B, 1013GN Amsterdam	
23	52.3644	4.87984	15832	26632		Leidsekade 87, 1017PN Amsterdam	
24	52.3502	4.85071	6719	17519		Leimuidenstraat 25, 1059EE Amsterdam	
25	52.3675	4.85313	8943	19743		Magalhaensplein 21, 1057VE Amsterdam	
26	52.3514	4.91189	9017	19817		Marcusstraat 1, 1091TH Amsterdam	
27	52.4106	4.92624	5355	16155		Masthof 148, 1034NK Amsterdam	
28	52.364	4.92374	3272	14072		Mauritskade 70, 1093RP Amsterdam	
29	52.3463	4.87436	1891	12691		Murillostraat 10, 1077NE Amsterdam	
30	52.3658	4.88388	16431	27231		Prinsengracht 681B, 1017JT Amsterdam	
31	52.3737	4.94559	6089	16889		Rangeerderstraat 32, 1019TN Amsterdam	
32	52.3722	4.88416	4885	15685		Reestraat 9A, 1016DM Amsterdam	
33	52.4087	4.89801	1396	12196		Rozijnenstraat 10, 1033LR Amsterdam	
34	52.3485	4.84883	11532	22332		Sassenheimstraat 42, 1059BJ Amsterdam	
35	52.3927	4.8906	2009	12809		Silodam 318, 1013AW Amsterdam	
36	52.4063	4.91528	7256	18056		Statenjachtstraat 303, 1034GA Amsterdam	
37	52.3897	4.88108	6487	17287		Suikerplein 30B, 1013CK Amsterdam	
38	52.3681	4.94663	11862	22662		Th. K. van Lohuizenlaan 92, 1019CD Amsterdam	
39	52.4214	4.90046	13588	24388		Thomas Prinslaan 122, 1035SN Amsterdam	
40	52.344	4.90559	8676	19476		Trompenburgstraat 32, 1079TZ Amsterdam	
41	52.3625	4.87295	14172	24972		Tweede Constantijn Huygensstraat 60, 1054CV Amsterdam	
42	52.356	4.8737	5738	16538		Van Breestraat 103, 1071ZJ Amsterdam	
43	52.3528	4.90239	2867	13667		Van Woustraat 148, 1073LV Amsterdam	
44	52.3765	4.92257	9046	19846		Veembroederhof 20, 1019HC Amsterdam	
45	52.3395	4.89758	15657	26457		Veluwelaan 15, 1079PX Amsterdam	
46	52.3571	4.92183	1826	12626		Vrolikstraat 194, 1092TS Amsterdam	
47	52.3945	4.94603	5973	16773		Werengouw 439, 1024PA Amsterdam	
48	52.3934	4.87695	10602	21402		Wiborgeiland 37, 1014ZC Amsterdam	
49	52.3624	4.86614	5405	16205		Wilhelminastraat 28, 1054WJ Amsterdam	
50	52.3691	4.94514	4235	15035		Zeeburgerkade 738, 1019HT Amsterdam	
Robot stations
51	52.3738	4.89578	0	28800		Amsterdam Centrum	
52	52.4017	4.91516	0	28800		Amsterdam Noord	
53	52.3528	4.93056	0	28800		Amsterdam Oost	
54	52.375	4.86667	0	28800		Amsterdam West	
55	52.3464	4.85861	0	28800		Amsterdam Zuid	
Truck driving time matrix [s]
0 978 496 465 1489 785 592 827 784 680 1090 750 874 764 553 890 937 1062 831 1335 642 894 959 770 285 522 884 1062 1231 617 851 1413 1003 1046 240 944 1050 861 916 1064 606 593 599 827 1126 499 922 958 722 630 937 1375 1067 890 653 510 
1118 0 1091 1060 1016 444 575 964 486 464 925 1095 926 1058 1124 470 1218 368 1081 684 650 504 290 564 1041 722 1050 1111 776 1054 485 761 318 1340 1070 536 1055 554 836 1227 1062 705 954 1037 481 1073 1008 997 696 621 857 723 1057 1029 526 1050 
538 1012 0 40 1338 884 516 750 685 777 1260 667 582 706 470 793 1143 951 759 1178 842 765 1151 645 366 538 857 1426 1009 292 751 1267 887 1251 424 1149 1376 1065 1168 1270 523 494 408 696 1172 416 888 1325 943 531 1179 1362 1378 864 854 134 
512 989 46 0 1298 861 490 710 659 753 1220 627 542 666 430 770 1119 927 719 1138 818 741 1127 620 341 512 817 1387 969 252 727 1227 863 1228 398 1126 1336 1041 1128 1246 483 468 380 656 1132 376 848 1285 919 505 1139 1322 1338 824 830 94 
1336 904 1487 1452 0 1266 1430 1013 1333 1304 408 1127 1190 1090 1180 1231 452 1076 949 632 1216 1349 763 1255 1334 1174 905 529 724 1322 1215 887 1072 543 1289 924 399 959 888 685 1088 1564 1329 1068 597 1182 851 462 964 1479 909 821 351 972 1325 1406 
816 337 789 768 1101 0 286 1049 259 130 1010 1135 704 829 896 269 989 348 958 769 323 216 440 337 757 408 856 1197 861 825 325 846 297 1079 774 564 1140 458 921 1092 834 417 732 809 615 845 874 1082 600 332 942 808 1142 1021 267 762 
693 717 620 589 1383 507 0 1215 431 403 1301 1226 779 912 988 536 1051 683 1049 1177 489 420 855 417 608 297 941 1153 990 686 497 1275 623 1141 666 986 1145 877 1177 1155 917 240 667 890 1034 928 963 1369 832 208 1196 1237 1157 1112 479 579 
1398 798 1098 1067 903 1151 1293 0 1129 1173 819 204 948 695 706 1125 1076 970 247 501 1270 1211 667 1055 1227 1398 541 993 336 942 1059 434 966 1190 1285 818 940 856 269 995 621 1354 990 803 425 709 440 740 1002 1341 290 857 942 288 1187 1018 
825 405 785 754 1107 284 277 940 0 328 1025 950 509 642 711 200 1288 346 773 901 519 207 544 147 748 424 670 1195 714 638 160 1002 286 1376 800 732 1145 622 901 1294 647 408 534 620 739 658 689 1093 770 324 920 964 1147 836 509 723 
782 405 755 724 1218 195 239 1166 288 0 1127 1186 764 880 948 337 979 415 1010 886 306 169 543 404 705 386 901 1314 951 821 393 963 365 1069 734 700 1257 594 1038 1082 883 370 792 867 734 890 923 1199 703 285 1059 925 1260 1072 296 714 
970 823 1402 1366 454 1181 982 854 1247 1218 0 680 1104 1004 1095 1145 480 991 864 563 852 1263 694 1170 968 810 824 231 655 1237 1129 806 986 572 923 841 179 873 682 426 1002 1036 1244 982 528 1097 778 208 600 1393 703 752 196 886 892 1321 
1356 952 1056 1025 1056 1304 1334 197 1175 1326 972 0 905 645 656 1277 1229 1123 196 670 1424 1288 829 1090 1185 1356 490 1146 506 899 1104 604 1119 1343 1242 971 1093 1009 439 905 571 1312 948 757 594 658 405 893 1155 1349 460 1010 1095 240 1340 975 
1086 943 823 793 960 906 897 763 704 961 881 740 0 412 525 807 1143 722 558 759 1162 818 938 620 956 1067 454 1049 567 656 641 884 748 1231 1012 1077 999 1119 758 1148 417 1023 662 389 753 558 507 947 1264 955 779 985 1001 621 1152 743 
988 969 680 649 929 933 924 649 731 988 850 565 451 0 280 834 1111 749 384 739 1151 844 907 647 817 988 398 1018 548 512 668 858 775 1199 875 1046 967 1088 722 1117 172 944 569 256 729 314 452 915 1233 981 743 953 969 446 1141 599 
954 1069 622 592 1067 987 932 680 802 1025 994 596 490 312 0 905 1249 907 415 874 1176 916 1045 718 782 954 472 1155 706 429 791 953 933 1337 840 1184 1105 1226 799 1255 188 910 533 432 868 168 508 1053 1057 947 823 1091 1107 478 1166 563 
843 284 816 786 1151 293 300 1078 211 342 1062 1088 651 783 850 0 1143 211 911 816 535 230 423 289 766 447 809 1247 852 779 206 899 152 1233 795 668 1190 631 973 1362 788 431 676 762 614 798 827 1132 773 346 994 861 1192 974 525 776 
895 886 1070 1039 434 946 907 1165 1076 843 487 1278 1341 1242 1332 1087 0 1109 1101 767 775 1006 754 1154 893 733 1057 494 857 1136 1142 1038 1056 129 848 745 363 662 1040 390 1239 961 1117 1219 734 1334 1003 618 524 1020 1060 972 315 1124 815 1029 
1036 328 1010 980 1028 479 493 975 391 528 937 1107 831 859 973 312 1230 0 993 699 721 423 392 469 960 641 887 1123 790 960 245 777 145 1352 989 551 1067 589 847 1239 864 624 856 837 497 981 907 1008 738 540 868 738 1069 1041 614 970 
1171 935 871 841 1028 1191 1149 269 990 1243 932 185 721 452 463 1092 1195 1001 0 636 1393 1103 813 905 1000 1171 298 1112 441 715 919 569 1025 1283 1058 955 1069 992 404 1131 378 1127 763 564 560 466 213 876 1139 1164 425 993 1071 157 1324 791 
1376 602 1119 1083 592 947 1089 546 989 969 502 670 817 753 810 922 770 772 580 0 1067 1007 471 909 1246 1238 585 682 264 962 914 478 769 883 1302 622 630 660 418 774 751 1222 971 731 228 811 496 573 801 1137 439 548 632 517 983 1038 
625 437 757 728 1192 261 326 1140 392 156 1101 1260 829 955 824 403 821 481 1083 860 0 321 492 470 622 311 981 934 952 814 458 937 431 922 577 616 926 510 1012 935 959 472 796 934 667 777 999 1173 474 438 1033 899 938 1146 112 718 
613 633 586 556 1347 424 70 1180 292 322 1265 1191 755 884 880 435 972 581 1014 1064 409 0 772 393 537 217 905 1074 955 652 406 1142 522 1062 565 906 1066 797 1142 1075 887 216 634 866 939 844 927 1334 751 155 1161 1104 1078 1077 399 546 
1002 132 1108 1077 806 478 609 754 521 498 715 885 949 1048 1136 455 1009 353 872 474 635 539 0 599 1000 757 840 902 566 1071 469 551 302 1130 955 292 845 330 626 1017 1045 740 972 1026 271 1090 798 787 479 656 647 513 847 819 511 1067 
867 406 840 809 1183 317 324 1015 146 366 1100 1026 585 719 787 187 1167 305 849 919 559 254 545 0 790 471 747 1271 790 714 109 996 270 1257 819 761 1221 655 977 1369 724 455 610 697 716 735 765 1169 797 370 996 958 1223 912 549 799 
308 907 340 309 1429 701 428 814 620 596 1347 760 676 805 561 732 915 867 908 1224 625 700 937 603 0 358 965 1041 1036 406 686 1350 808 1025 195 922 1029 837 1224 1043 692 429 388 795 1106 506 1002 1416 706 466 1243 1354 1046 971 636 299 
606 613 579 549 1428 404 272 1365 535 299 993 1290 879 1005 866 545 864 624 1109 1095 385 464 751 596 529 0 1113 966 1163 645 601 1173 573 954 558 883 958 773 1248 967 896 419 627 995 931 830 1135 1038 659 387 1269 1135 970 1171 375 539 
1195 969 896 865 868 1091 1082 477 875 1146 769 393 683 459 470 977 1053 855 212 644 1347 994 834 783 1024 1195 0 959 445 727 767 733 884 1141 1082 987 909 1030 566 1059 385 1152 787 561 635 472 217 847 1175 1140 587 895 911 274 1337 816 
1075 1000 1251 1221 530 1358 1087 1029 1424 1023 244 857 1281 1181 1272 1322 505 1168 1041 744 958 1187 871 1347 1073 916 1001 0 832 1414 1306 983 1163 597 1029 1019 204 848 859 431 1179 1141 1421 1159 710 1274 955 389 711 1201 880 930 221 1063 997 1211 
1187 724 929 894 686 1009 1000 358 800 1064 595 406 633 533 622 899 846 801 316 322 1168 913 596 726 1057 1170 365 765 0 772 730 447 826 932 1112 740 722 772 322 853 531 1126 782 511 353 625 252 666 903 1058 342 687 724 253 1085 849 
699 908 313 282 1130 826 677 827 662 864 1052 753 350 475 367 758 1312 823 577 970 948 765 1022 578 527 699 634 1219 801 0 651 1060 796 1400 585 1192 1168 1078 961 1318 366 655 322 464 965 312 671 1117 1049 691 972 1154 1170 640 960 267 
976 434 916 886 1091 426 433 925 254 475 1009 936 640 650 763 296 1273 323 783 887 668 363 570 332 899 580 678 1179 724 769 0 1012 288 1361 928 789 1129 764 886 1278 655 564 665 628 734 789 698 1078 906 479 907 976 1131 843 658 854 
1534 755 1384 1349 913 1111 1252 525 1155 1133 823 652 1082 987 1076 1085 1113 930 638 574 1230 1171 624 1174 1511 1402 818 1006 453 1227 1101 0 926 1234 1567 775 951 813 397 1121 986 1385 1237 964 381 1076 705 894 962 1301 418 814 953 680 1147 1303 
947 205 921 890 1072 356 404 1021 316 405 983 1151 756 866 954 202 1275 216 999 737 597 334 343 394 871 551 895 1167 835 883 217 820 0 1396 899 589 1111 556 895 1283 872 535 781 844 534 902 914 1053 698 451 915 782 1113 1059 491 880 
990 981 1166 1135 503 1041 1002 1235 1172 938 556 1348 1411 1311 1401 1182 107 1205 1171 837 870 1101 849 1249 988 828 1126 564 926 1231 1238 1108 1152 0 943 840 433 757 1109 407 1309 1056 1213 1289 804 1404 1072 688 619 1116 1130 1041 385 1193 910 1125 
231 920 356 326 1442 713 444 733 636 612 1017 679 691 691 483 744 864 880 736 1236 605 712 886 620 91 375 790 988 1049 422 701 1363 821 972 0 870 977 788 822 991 536 446 404 807 1053 428 827 864 683 482 843 1302 993 796 615 316 
936 351 1106 1076 919 697 832 867 740 718 827 998 1112 1160 1249 674 876 572 984 582 721 758 219 821 933 774 953 1014 674 1171 689 660 521 980 890 0 958 248 735 998 1158 963 1140 1138 380 1252 911 899 397 879 755 622 960 932 730 1066 
987 951 1163 1132 407 1037 998 983 1376 934 196 809 1233 1133 1223 1274 382 1119 992 696 869 1098 823 1298 984 826 952 203 783 1365 1258 935 1115 474 940 970 0 759 811 344 1131 1052 1372 1110 661 1225 906 341 624 1113 831 881 98 1015 908 1122 
850 396 1020 990 968 656 783 916 751 658 877 1048 1003 1134 1200 719 788 617 1034 627 635 743 264 801 847 687 1002 1064 720 1130 734 705 566 895 802 255 1008 0 780 913 1139 911 1031 1114 425 1149 961 949 303 827 804 667 1010 981 656 981 
1439 699 1181 1146 796 1045 1186 303 1052 1067 717 429 885 771 866 1019 970 864 416 401 1164 1105 567 978 1309 1336 608 886 243 1024 982 334 859 1083 1364 717 834 749 0 850 769 1319 1034 747 325 869 491 596 896 1235 38 750 836 458 1081 1100 
1008 998 1183 1152 646 1058 1019 1027 1189 956 411 855 1434 1335 1425 1200 362 1222 1194 904 888 1119 867 1267 1005 846 1154 383 985 1249 1255 1136 1169 401 961 858 371 776 857 0 1332 1074 1230 1312 873 1427 1108 556 637 1133 878 1082 387 1216 928 1143 
915 1029 606 575 984 948 893 581 763 986 911 497 453 212 165 866 1166 824 315 790 1137 876 962 680 743 915 372 1072 606 439 743 870 850 1254 801 1100 1022 1143 716 1171 0 871 496 332 785 193 409 970 1288 908 740 1008 1024 378 1127 526 
690 502 591 560 1144 381 237 976 191 425 1062 987 539 672 748 296 1137 443 810 938 609 304 640 177 580 417 701 1232 751 657 257 1058 383 1227 637 837 1182 722 938 1331 677 0 564 650 843 688 723 1130 856 151 957 1020 1184 873 599 550 
570 706 382 352 1132 585 548 944 395 629 1049 860 445 575 523 497 1313 615 678 926 820 508 834 310 399 570 693 1219 739 284 419 1053 581 1401 457 983 1170 868 926 1318 467 526 0 565 921 469 713 1118 1002 563 945 1156 1172 741 810 326 
926 869 664 633 829 833 824 608 631 888 751 551 351 166 280 734 1011 649 369 640 1051 745 807 547 796 926 299 917 448 496 568 758 675 1099 852 945 867 988 622 1017 171 907 507 0 630 313 352 816 1133 882 643 853 869 432 1041 583 
1199 419 1216 1180 577 775 916 483 819 797 486 609 914 850 907 749 777 594 596 245 894 835 287 904 1196 1066 642 667 337 1059 765 289 589 898 1152 439 615 476 355 785 848 1050 1068 831 0 908 569 558 625 965 375 477 617 590 811 1135 
926 1049 578 548 1091 968 909 671 783 1006 1018 587 467 360 119 886 1273 960 406 898 1156 896 1069 694 753 926 462 1180 697 385 767 977 933 1361 821 1208 1129 1250 818 1279 172 889 506 480 892 0 499 1077 970 919 838 1115 1131 468 1146 533 
1299 873 1000 969 864 1147 1138 375 931 1202 762 387 749 563 575 1033 1023 912 213 467 1320 1050 741 841 1127 1299 275 940 268 830 826 554 940 1111 1185 893 901 924 389 1028 490 1255 890 627 499 577 0 843 1055 1196 410 832 903 234 1237 919 
1127 856 1434 1398 470 1213 1377 781 1279 1250 240 663 1136 1036 1127 1177 662 1023 692 593 1009 1295 724 1202 1124 967 856 413 685 1268 1161 838 1018 754 1080 874 361 906 610 608 1034 1510 1275 1014 558 1129 809 0 759 1425 630 782 378 919 1271 1353 
824 362 994 964 937 646 780 885 748 648 845 1016 1000 1131 1197 686 764 583 1002 593 625 739 230 798 821 664 971 1032 687 1059 702 671 532 868 778 221 976 138 748 886 1136 908 1028 1111 391 1146 929 918 0 824 772 633 978 950 646 954 
627 652 530 499 1294 494 103 1126 341 389 1211 1137 689 822 898 446 1038 593 960 1088 475 352 790 327 518 284 851 1382 901 596 407 1208 533 1128 576 973 1332 863 1088 1142 827 150 577 800 993 838 873 1280 818 0 1107 1170 1334 1023 465 489 
1470 730 1213 1177 827 1076 1218 334 1083 1098 749 461 916 802 898 1050 1001 895 448 432 1196 1136 599 1009 1340 1367 640 918 274 1055 1014 366 891 1115 1395 748 865 780 39 882 800 1351 1065 778 356 900 523 628 927 1266 0 782 867 489 1112 1132 
1523 838 1265 1230 840 1196 1306 985 1113 1233 770 976 975 891 967 1160 990 1012 833 689 1338 1226 706 1034 1392 1467 756 918 781 1101 1000 901 1008 1078 1448 857 865 895 902 995 889 1431 1108 869 654 969 796 831 1044 1364 923 0 867 874 1255 1184 
1049 923 1225 1194 356 1284 1061 1032 1351 997 218 831 1208 1108 1198 1249 331 1094 968 653 931 1367 780 1273 1047 889 923 225 741 1340 1233 905 1090 423 1002 942 94 978 833 416 1106 1115 1347 1086 619 1200 870 363 696 1175 854 839 0 991 971 1424 
1233 980 934 903 1028 1253 1211 320 1052 1304 926 232 774 500 511 1154 1187 1062 142 605 1452 1165 858 968 1062 1233 345 1104 406 768 979 616 1086 1275 1119 1000 1065 1038 451 1192 426 1189 825 612 606 513 260 922 1184 1226 471 996 1067 0 1369 853 
704 403 842 812 1151 301 405 1099 429 235 1060 1230 837 968 1035 439 916 469 1097 818 201 389 457 507 701 390 994 1246 910 899 495 896 418 1007 656 581 1190 475 971 1020 973 551 865 948 632 983 1013 1131 598 505 991 858 1192 1159 0 802 
517 987 128 97 1264 859 495 728 664 755 1186 644 504 628 448 770 1118 896 729 1104 817 744 1109 591 346 517 783 1353 935 225 700 1193 861 1226 403 1125 1302 1040 1094 1245 519 473 334 617 1098 393 814 1251 918 510 1105 1288 1304 790 829 0 
Drone flying time matrix [s]
0 611 108 110 785 482 358 869 435 430 1085 792 436 521 464 495 1009 542 704 770 509 379 665 435 142 369 576 1152 725 263 472 942 538 1012 115 796 1055 725 918 1175 508 380 322 508 804 441 676 1103 757 346 912 616 1004 728 498 146 
611 0 506 509 187 141 259 580 185 192 482 591 317 413 503 119 429 99 543 317 191 236 54 192 472 302 418 542 364 437 168 492 83 417 499 196 443 156 515 587 486 235 314 366 301 527 408 536 213 266 499 102 393 500 162 480 
108 506 0 16 678 380 258 778 327 330 977 707 334 430 390 389 911 434 620 664 417 278 560 327 57 285 485 1046 623 174 363 839 431 911 47 693 949 625 817 1076 429 272 214 412 697 374 579 995 660 242 811 508 898 638 401 45 
110 509 16 0 679 385 264 768 328 336 978 696 327 420 377 391 917 435 609 659 426 283 562 328 71 296 475 1048 617 163 363 833 433 916 62 697 952 630 810 1082 417 274 212 403 693 360 571 993 667 247 804 508 900 628 408 37 
785 187 678 679 0 328 443 520 351 378 300 567 426 478 587 292 350 244 546 237 368 419 137 351 650 489 460 373 326 582 317 365 248 313 676 152 287 204 410 478 556 406 472 439 187 619 404 352 253 445 393 176 229 485 345 647 
482 141 380 385 328 0 124 651 106 53 623 638 284 408 470 76 532 130 574 420 96 102 194 125 340 163 431 678 440 347 133 604 103 531 368 314 577 245 614 696 468 131 218 361 420 486 457 675 285 139 601 199 529 547 54 361 
358 259 258 264 443 124 0 688 117 72 741 653 259 392 424 155 653 213 579 493 168 24 313 132 216 96 429 800 489 255 166 679 197 654 244 438 700 367 678 818 436 79 138 351 507 431 483 782 403 32 667 291 652 566 145 243 
869 580 778 768 520 651 688 0 576 671 628 116 453 349 426 575 856 525 187 283 742 671 576 558 789 780 293 745 216 607 530 233 555 806 807 670 716 699 160 949 375 609 597 366 336 460 206 511 757 664 173 479 660 142 701 732 
435 185 327 328 351 106 117 576 0 100 650 550 178 305 364 66 610 108 480 377 199 97 237 20 301 204 333 720 374 256 49 562 105 601 327 379 625 326 561 770 363 55 129 260 393 380 374 677 375 104 550 184 572 460 158 298 
430 192 330 336 378 53 72 671 100 0 675 649 274 404 454 104 581 164 580 454 110 53 245 120 289 119 433 730 464 311 142 639 142 582 316 366 629 295 645 746 458 100 184 359 459 466 472 723 332 92 633 239 582 559 77 313 
1085 482 977 978 300 623 741 628 650 675 0 716 706 726 842 592 340 543 730 412 648 718 429 650 950 780 693 117 512 873 615 400 548 277 976 347 134 434 473 354 801 705 769 696 348 877 605 164 450 745 457 471 124 659 632 946 
792 591 707 696 567 638 653 116 550 649 716 0 401 279 334 562 913 519 88 333 733 640 597 530 725 748 229 832 241 533 508 336 550 868 740 710 792 725 265 1020 285 574 546 309 395 365 183 612 785 626 275 490 734 91 690 661 
436 317 334 327 426 284 259 453 178 274 706 401 0 132 189 223 741 218 322 340 377 251 356 159 338 355 172 795 290 180 159 507 239 720 358 505 713 473 483 891 185 183 146 93 384 210 249 691 528 230 477 256 654 320 336 291 
521 413 430 420 478 408 392 349 305 404 726 279 132 0 116 340 817 319 195 323 503 383 442 285 447 488 56 827 240 258 276 456 346 787 462 585 757 568 415 956 78 315 272 47 382 152 165 681 626 362 413 330 696 208 461 385 
464 503 390 377 587 470 424 426 364 454 842 334 189 116 0 412 919 405 246 439 562 422 538 345 420 516 160 942 353 221 348 563 428 893 430 685 869 659 516 1063 52 356 289 149 498 37 270 796 715 392 516 430 809 287 522 346 
495 119 389 391 292 76 155 575 66 104 592 562 223 340 412 0 545 60 500 350 171 131 172 76 358 223 359 658 364 321 65 535 43 535 385 314 561 262 542 704 405 117 195 293 356 432 381 628 313 153 530 137 509 471 128 362 
1009 429 911 917 350 532 653 856 610 581 340 913 741 817 919 545 0 526 896 580 504 634 385 620 868 650 805 288 674 865 598 662 512 62 894 236 206 287 724 166 894 655 739 773 521 947 754 497 253 671 706 489 229 834 512 894 
542 99 434 435 244 130 213 525 108 164 543 519 218 319 405 60 526 0 463 291 218 190 142 108 408 283 329 615 311 346 75 476 31 510 435 291 522 255 484 681 390 163 229 272 296 428 336 571 311 208 471 78 468 428 177 404 
704 543 620 609 546 574 579 187 480 580 730 88 322 195 246 500 896 463 0 325 670 567 556 461 640 674 150 842 225 446 442 375 493 855 654 681 793 686 311 1014 197 500 466 229 391 278 142 643 746 551 317 445 733 72 628 575 
770 317 664 659 237 420 493 283 377 454 412 333 340 323 439 350 580 291 325 0 499 472 301 365 655 572 284 521 101 520 328 186 317 535 679 387 467 419 198 690 394 425 452 301 66 475 193 359 475 479 183 224 407 258 461 623 
509 191 417 426 368 96 168 742 199 110 648 733 377 503 562 171 504 218 670 499 0 156 232 219 369 146 527 687 528 419 229 679 188 514 395 312 582 229 696 670 562 210 293 457 490 575 551 720 250 195 682 275 542 642 43 408 
379 236 278 283 419 102 24 671 97 53 718 640 251 383 422 131 634 190 567 472 156 0 290 113 238 109 418 777 471 263 146 658 174 634 266 416 677 347 658 798 431 68 140 340 484 430 468 759 384 40 647 267 629 552 128 261 
665 54 560 562 137 194 313 576 237 245 429 597 356 442 538 172 385 142 556 301 232 290 0 243 526 353 440 487 362 487 216 466 133 368 553 149 389 130 496 539 517 289 365 396 275 564 417 489 190 320 480 114 339 507 208 534 
435 192 327 328 351 125 132 558 20 120 650 530 159 285 345 76 620 108 461 365 219 113 243 0 304 222 313 722 358 245 38 550 110 609 330 388 629 338 546 779 343 61 123 240 384 362 356 672 388 115 536 181 575 441 178 296 
142 472 57 71 650 340 216 789 301 289 950 725 338 447 420 358 868 408 640 655 369 238 526 304 0 232 499 1014 623 199 341 834 401 870 27 654 915 583 818 1033 455 245 203 423 683 408 587 976 615 206 810 484 865 652 356 82 
369 302 285 296 489 163 96 780 204 119 780 748 355 488 516 223 650 283 674 572 146 109 353 222 232 0 525 827 577 331 252 758 261 660 256 454 724 374 762 816 530 175 227 447 578 520 577 838 396 126 750 358 681 661 149 285 
576 418 485 475 460 431 429 293 333 433 693 229 172 56 160 359 805 329 150 284 527 418 440 313 499 525 0 797 193 313 298 404 358 772 515 577 732 569 360 938 112 350 317 80 346 197 111 638 628 401 359 327 671 153 484 439 
1152 542 1046 1048 373 678 800 745 720 730 117 832 795 827 942 658 288 615 842 521 687 777 487 722 1014 827 797 0 621 956 690 517 616 231 1041 375 106 461 590 255 904 774 844 794 455 976 714 268 462 807 574 549 149 772 678 1018 
725 364 623 617 326 440 489 216 374 464 512 241 290 240 353 364 674 311 225 101 528 471 362 358 623 577 193 621 0 466 326 220 341 632 645 469 568 488 195 789 305 414 421 229 167 390 93 446 547 470 187 263 508 160 488 580 
263 437 174 163 582 347 255 607 256 311 873 533 180 258 221 321 865 346 446 520 419 263 487 245 199 331 313 956 466 0 271 686 355 854 210 633 866 582 657 1024 256 217 130 245 563 210 413 868 629 225 652 407 810 466 388 128 
472 168 363 363 317 133 166 530 49 142 615 508 159 276 348 65 598 75 442 328 229 146 216 38 341 252 298 690 326 271 0 514 86 583 367 363 597 320 512 754 340 99 155 229 346 368 330 635 373 151 501 145 543 418 186 331 
942 492 839 833 365 604 679 233 562 639 400 336 507 456 563 535 662 476 375 186 679 658 466 550 834 758 404 517 220 686 514 0 501 607 857 515 500 567 74 735 513 610 631 448 191 600 293 278 618 664 61 406 449 304 643 797 
538 83 431 433 248 103 197 555 105 142 548 550 239 346 428 43 512 31 493 317 188 174 133 110 401 261 358 616 341 355 86 501 0 499 428 278 520 235 512 669 415 158 232 298 318 450 367 585 289 197 499 97 467 459 147 403 
1012 417 911 916 313 531 654 806 601 582 277 868 720 787 893 535 62 510 855 535 514 634 368 609 870 660 772 231 632 854 583 607 499 0 897 221 144 288 670 171 865 648 730 746 473 923 715 434 266 669 652 465 168 791 517 891 
115 499 47 62 676 368 244 807 327 316 976 740 358 462 430 385 894 435 654 679 395 266 553 330 27 256 515 1041 645 210 367 857 428 897 0 681 942 610 839 1060 466 272 226 440 708 415 606 1002 642 233 832 511 892 669 383 84 
796 196 693 697 152 314 438 670 379 366 347 710 505 585 685 314 236 291 681 387 312 416 149 388 654 454 577 375 469 633 363 515 278 221 681 0 270 87 562 391 661 428 509 541 338 712 539 452 112 451 544 255 233 624 306 671 
1055 443 949 952 287 577 700 716 625 629 134 792 713 757 869 561 206 522 793 467 582 677 389 629 915 724 732 106 568 866 597 500 520 144 942 270 0 355 569 235 834 678 751 720 401 902 658 296 356 709 552 461 61 724 575 923 
725 156 625 630 204 245 367 699 326 295 434 725 473 568 659 262 287 255 686 419 229 347 130 338 583 374 569 461 488 582 320 567 235 288 610 87 355 0 606 451 642 369 454 522 381 683 547 533 60 384 590 243 320 637 229 606 
918 515 817 810 410 614 678 160 561 645 473 265 483 415 516 542 724 484 311 198 696 658 496 546 818 762 360 590 195 657 512 74 512 670 839 562 569 606 0 804 464 605 616 414 226 553 250 351 660 660 18 421 516 243 658 774 
1175 587 1076 1082 478 696 818 949 770 746 354 1020 891 956 1063 704 166 681 1014 690 670 798 539 779 1033 816 938 255 789 1024 754 735 669 171 1060 391 235 451 804 0 1033 817 899 915 625 1093 875 516 420 835 787 636 289 948 678 1057 
508 486 429 417 556 468 436 375 363 458 801 285 185 78 52 405 894 390 197 394 562 431 517 343 455 530 112 904 305 256 340 513 415 865 466 661 834 642 464 1033 0 363 305 121 455 89 219 750 699 405 465 406 774 235 521 384 
380 235 272 274 406 131 79 609 55 100 705 574 183 315 356 117 655 163 500 425 210 68 289 61 245 175 350 774 414 217 99 610 158 648 272 428 678 369 605 817 363 0 87 273 445 367 405 732 413 56 595 239 626 487 174 245 
322 314 214 212 472 218 138 597 129 184 769 546 146 272 289 195 739 229 466 452 293 140 365 123 203 227 317 844 421 130 155 631 232 730 226 509 751 454 616 899 305 87 0 238 483 294 393 781 500 105 608 298 697 465 260 178 
508 366 412 403 439 361 351 366 260 359 696 309 93 47 149 293 773 272 229 301 457 340 396 240 423 447 80 794 229 245 229 448 298 746 440 541 720 522 414 915 121 273 238 0 356 182 168 660 580 322 411 285 660 230 415 367 
804 301 697 693 187 420 507 336 393 459 348 395 384 382 498 356 521 296 391 66 490 484 275 384 683 578 346 455 167 563 346 191 318 473 708 338 401 381 226 625 455 445 483 356 0 534 259 307 435 497 209 221 342 323 456 658 
441 527 374 360 619 486 431 460 380 466 877 365 210 152 37 432 947 428 278 475 575 430 564 362 408 520 197 976 390 210 368 600 450 923 415 712 902 683 553 1093 89 367 294 182 534 0 307 833 738 399 553 458 842 322 536 331 
676 408 579 571 404 457 483 206 374 472 605 183 249 165 270 381 754 336 142 193 551 468 417 356 587 577 111 714 93 413 330 293 367 715 606 539 658 547 250 875 219 405 393 168 259 307 0 536 607 459 248 308 597 92 509 535 
1103 536 995 993 352 675 782 511 677 723 164 612 691 681 796 628 497 571 643 359 720 759 489 672 976 838 638 268 446 868 635 278 585 434 1002 452 296 533 351 516 750 732 781 660 307 833 536 0 563 779 338 493 269 571 697 959 
757 213 660 667 253 285 403 757 375 332 450 785 528 626 715 313 253 311 746 475 250 384 190 388 615 396 628 462 547 629 373 618 289 266 642 112 356 60 660 420 699 413 500 580 435 738 607 563 0 423 643 303 330 696 260 645 
346 266 242 247 445 139 32 664 104 92 745 626 230 362 392 153 671 208 551 479 195 40 320 115 206 126 401 807 470 225 151 664 197 669 233 451 709 384 660 835 405 56 105 322 497 399 459 779 423 0 650 286 659 541 168 223 
912 499 811 804 393 601 667 173 550 633 457 275 477 413 516 530 706 471 317 183 682 647 480 536 810 750 359 574 187 652 501 61 499 652 832 544 552 590 18 787 465 595 608 411 209 553 248 338 643 650 0 407 499 248 644 768 
616 102 508 508 176 199 291 479 184 239 471 490 256 330 430 137 489 78 445 224 275 267 114 181 484 358 327 549 263 407 145 406 97 465 511 255 461 243 421 636 406 239 298 285 221 458 308 493 303 286 407 0 404 399 238 475 
1004 393 898 900 229 529 652 660 572 582 124 734 654 696 809 509 229 468 733 407 542 629 339 575 865 681 671 149 508 810 543 449 467 168 892 233 61 320 516 289 774 626 697 660 342 842 597 269 330 659 499 404 0 665 532 870 
728 500 638 628 485 547 566 142 460 559 659 91 320 208 287 471 834 428 72 258 642 552 507 441 652 661 153 772 160 466 418 304 459 791 669 624 724 637 243 948 235 487 465 230 323 322 92 571 696 541 248 399 665 0 599 593 
498 162 401 408 345 54 145 701 158 77 632 690 336 461 522 128 512 177 628 461 43 128 208 178 356 149 484 678 488 388 186 643 147 517 383 306 575 229 658 678 521 174 260 415 456 536 509 697 260 168 644 238 532 599 0 387 
146 480 45 37 647 361 243 732 298 313 946 661 291 385 346 362 894 404 575 623 408 261 534 296 82 285 439 1018 580 128 331 797 403 891 84 671 923 606 774 1057 384 245 178 367 658 331 535 959 645 223 768 475 870 593 387 0 
Robot driving time matrix [s]
0 3625 1615 1598 4640 2883 2154 5370 2637 2622 6402 5172 2788 3474 3369 2977 5892 3277 4475 4524 2961 2290 3874 2695 884 2108 3872 6854 4222 2071 2824 5385 3236 6045 734 4621 6156 4215 5362 6999 3554 2268 1951 3293 4664 3326 4189 6529 4599 2059 5288 3600 5919 4618 3067 1566 
3625 0 3103 3086 1317 812 1489 3279 1063 1078 3079 3410 1866 2499 2986 665 2639 634 3155 1859 1245 1339 306 1062 2815 1703 2472 3532 2156 2602 927 2733 504 2792 2991 1113 2833 976 2871 3746 2854 1412 1867 2220 1751 2988 2502 3206 1361 1603 2842 661 2596 2897 990 2944 
1615 3100 0 120 4012 2352 1624 4418 2071 2092 5774 4113 1868 2438 2310 2493 5362 2649 3417 3809 2431 1760 3348 2067 805 1684 2919 6226 3397 1011 2196 4601 2711 5514 981 4125 5528 3684 4537 6468 2470 1774 1281 2269 3948 2266 3236 5901 4069 1529 4527 2972 5291 3559 2536 396 
1598 3083 120 0 3995 2335 1607 4267 2054 2075 5757 3995 1817 2319 2191 2476 5344 2632 3298 3791 2414 1742 3331 2050 788 1667 2819 6209 3379 893 2178 4583 2694 5497 963 4108 5511 3667 4520 6451 2351 1757 1264 2151 3931 2148 3185 5884 4052 1512 4510 2954 5274 3441 2519 277 
4640 1317 4014 3996 0 2046 2577 3506 2141 2248 1884 3695 2534 2968 3654 1763 2087 1436 3516 1900 2479 2427 1030 2048 3830 2873 2834 2336 2392 3466 1892 2577 1487 2240 4005 1517 1633 1836 2860 2984 3323 2431 2779 2689 1595 3656 2864 2176 2034 2690 2765 1142 1401 3182 2224 3822 
2883 812 2352 2335 2046 0 776 3820 709 316 3808 3825 1731 2437 2807 604 3025 928 3532 2534 697 644 1100 858 2072 939 2679 4261 2571 2041 948 3460 717 3178 2248 1771 3368 1348 3546 4132 2792 778 1249 2158 2478 2808 2913 3935 1733 910 3517 1211 3247 3313 442 2326 
2154 1489 1624 1607 2577 776 0 4067 724 503 4339 4073 1693 2435 2720 841 3786 1145 3568 2843 1015 150 1738 926 1344 633 2678 4791 2831 1538 1036 3908 1101 3938 1520 2512 4093 2108 3855 4892 2791 595 1022 2157 2908 2722 2954 4466 2493 275 3826 1595 3856 3560 1120 1645 
5353 3279 4418 4267 3506 3820 4052 0 3394 3965 3825 886 2663 2207 2558 3304 5192 3036 1252 1815 4262 3929 3217 3238 4542 4590 1718 4517 1338 3460 3124 1593 3122 5345 4718 3920 4217 4008 1204 5640 2233 3507 3464 2307 2026 2747 1220 3944 4392 3873 1256 2802 3826 937 4007 4104 
2637 1063 2074 2057 2141 709 724 3410 0 690 3903 3415 1072 1778 2192 456 3472 718 2910 2329 1314 643 1312 295 1827 1355 2020 4355 2212 1630 405 3363 674 3625 2002 2088 3657 1795 3350 4579 2133 373 838 1499 2424 2194 2297 4030 2180 655 3266 1154 3420 2903 1059 1915 
2622 1078 2092 2075 2248 316 503 3965 690 0 4010 3970 1684 2427 2748 736 3325 1040 3559 2679 644 349 1345 892 1812 743 2669 4462 2716 1938 1000 3645 862 3478 1988 2051 3668 1648 3691 4432 2783 587 1123 2148 2663 2749 2946 4137 2033 615 3662 1356 3527 3458 661 2037 
6402 3079 5776 5758 1884 3808 4339 3825 3903 4010 0 4360 4296 4730 5416 3525 2057 3198 4518 3287 4241 4189 2792 3810 5592 4635 4596 1590 3483 5228 3654 2654 3249 2081 5767 3033 842 2793 3125 2150 5085 4193 4541 4451 2898 5418 4056 886 2940 4452 3030 2904 983 4181 3986 5584 
5172 3410 4113 3995 3695 3825 4057 886 3399 3970 4360 0 2636 1934 2286 3310 5381 3042 661 2098 4268 3935 3405 3243 4362 4596 1590 5051 1379 3188 3129 2128 3128 5534 4537 4108 4751 4195 1738 6488 1961 3513 3469 2223 2505 2475 1170 4478 4580 3879 1790 2816 4360 600 4013 3832 
2788 1866 1868 1817 2534 1731 1693 2663 1072 1684 4296 2636 0 899 1185 1330 4220 1313 2055 2092 2302 1633 2097 958 1977 2323 1165 4748 1544 1060 947 2748 1441 4373 2153 2873 4050 2728 2684 5327 1213 1147 895 611 2357 1187 1481 4423 3113 1514 2675 1453 3813 2123 2047 1623 
3474 2499 2438 2319 2968 2437 2435 2207 1778 2427 4730 1934 899 0 803 1994 4654 1865 1238 2195 2999 2376 2631 1664 2663 3069 759 5182 1600 1513 1600 2851 2040 4807 2839 3345 4484 3392 2712 5761 486 1891 1710 302 2475 991 1347 4857 3777 2257 2707 1948 4247 1380 2744 2156 
3369 2986 2310 2191 3654 2807 2720 2558 2192 2748 5416 2286 1185 803 0 2450 5340 2433 1589 2924 3385 2697 3217 2078 2559 3294 1110 5868 2330 1385 2067 3580 2561 5493 2735 3993 5170 3848 3177 6447 361 2211 1817 974 3204 284 1791 5543 4233 2554 3229 2573 4933 1731 3167 2028 
2977 665 2496 2479 1763 604 841 3304 456 736 3525 3310 1330 1994 2450 0 3203 370 3027 2067 1086 691 913 480 2167 1374 2191 3977 2055 2034 415 3133 276 3355 2343 1690 3279 1540 3079 4310 2349 805 1260 1715 2114 2452 2408 3652 1925 955 3050 801 3042 2797 831 2337 
5892 2639 5362 5344 2087 3025 3786 5192 3472 3325 2057 5381 4220 4654 5340 3203 0 3217 5203 3586 3301 3653 2419 3533 5082 3948 4520 2123 4079 5054 3460 3845 3037 432 5257 2067 1221 1827 4546 1133 5010 3788 4260 4376 3281 5342 4550 2942 1974 3919 4451 2828 1340 4869 3085 5338 
3277 634 2651 2634 1436 928 1145 3036 718 1040 3198 3042 1313 1865 2433 370 3217 0 2787 1785 1401 995 837 627 2467 1698 1971 3650 1788 2104 471 2850 211 3369 2643 1611 2952 1560 2797 4324 2221 1067 1416 1586 1787 2435 2134 3325 1945 1258 2768 474 2715 2529 1146 2460 
4511 3155 3452 3334 3516 3532 3557 1252 2900 3549 4518 661 2055 1273 1624 3027 5203 2787 0 2121 4013 3498 3191 2744 3700 4191 934 5209 1337 2527 2630 2286 2873 5355 3876 3893 5033 3958 1896 6310 1300 3013 2847 1562 2527 1813 901 4636 4342 3379 1948 2561 4795 471 3758 3171 
4524 1859 3809 3791 1900 2534 2843 1815 2329 2679 3287 2098 2105 2190 2920 2067 3586 1785 2117 0 2976 2692 1797 2175 3714 3304 1928 4114 784 3165 1951 1322 1836 3739 3889 2324 3416 2587 1381 4693 2603 2464 2635 1969 449 3107 1356 3406 2972 2830 1352 1382 3179 1650 2721 3617 
2961 1245 2431 2414 2479 698 1015 4262 1314 644 4241 4268 2302 2999 3385 1086 3301 1401 4013 2976 0 906 1533 1400 2151 959 3232 4606 3013 2522 1491 3893 1199 3454 2327 2079 3644 1624 3988 4408 3355 1224 1760 2721 2911 3386 3360 4368 2007 1151 3959 1653 3523 3755 330 2376 
2290 1339 1760 1742 2427 644 150 3929 643 349 4189 3935 1633 2376 2697 691 3653 995 3508 2692 906 0 1588 845 1480 712 2618 4641 2681 1665 955 3758 950 3806 1655 2369 3943 1976 3705 4760 2731 536 1023 2097 2758 2698 2895 4316 2361 286 3675 1445 3706 3422 1011 1772 
3874 306 3351 3334 1030 1100 1738 3217 1312 1345 2792 3405 2097 2631 3217 913 2419 837 3191 1797 1533 1588 0 1306 3063 1971 2509 3245 2102 2839 1150 2514 724 2572 3239 777 2546 806 2809 3526 2987 1661 2115 2352 1532 3219 2539 2946 1190 1851 2702 746 2309 2892 1278 3192 
2695 1062 2070 2053 2048 858 926 3238 295 892 3810 3243 958 1664 2078 480 3533 627 2744 2175 1400 845 1306 0 1885 1557 1901 4263 2040 1562 272 3191 664 3685 2060 2082 3564 1870 3178 4640 2020 478 834 1386 2270 2080 2124 3937 2255 844 3094 1062 3327 2731 1145 1911 
884 2815 805 788 3830 2072 1344 4560 1827 1812 5592 4362 1977 2663 2559 2167 5082 2467 3665 3714 2151 1480 3063 1885 0 1300 3062 6044 3411 1260 2013 4575 2426 5234 215 3810 5346 3404 4552 6189 2743 1458 1141 2482 3853 2515 3378 5719 3789 1249 4478 2789 5109 3807 2256 755 
2108 1703 1684 1667 2873 939 633 4590 1355 743 4635 4596 2323 3069 3294 1374 3948 1698 4201 3304 959 712 1971 1557 1300 0 3311 5087 3342 2111 1667 4271 1488 4101 1457 2677 4290 2271 4317 5055 3367 1219 1595 2790 3289 3295 3588 4762 2655 849 4287 1981 4152 4083 1072 1629 
3872 2472 2919 2819 2834 2679 2678 1718 2020 2669 4596 1590 1165 759 1110 2191 4520 1971 899 1928 3232 2618 2509 1901 3062 3311 0 5048 1239 2012 1794 2475 2190 4673 3237 3211 4350 3275 2214 5627 785 2133 2046 809 2209 1299 681 4723 3660 2500 2267 1878 4113 1038 2977 2656 
6854 3532 6228 6211 2336 4261 4791 4517 4355 4462 1587 5051 4748 5182 5868 3977 2006 3650 5209 4114 4606 4641 3245 4263 6044 5087 5048 0 4175 5681 4107 3345 3701 2030 6220 3372 963 3132 3816 1787 5538 4645 4993 4904 3590 5870 4747 2404 3279 4904 3721 3356 1298 4872 4390 6036 
4222 2156 3397 3379 2392 2571 2831 1338 2212 2716 3483 1379 1544 1600 2330 2055 4079 1788 1333 784 3013 2681 2102 2040 3411 3342 1239 4175 0 2604 1879 1336 1873 4231 3587 2805 3908 2892 1143 5185 2013 2325 2333 1379 1191 2517 572 3602 3277 2691 1134 1562 3671 866 2758 3168 
2071 2602 1011 893 3466 2041 1538 3460 1630 1938 5228 3188 1060 1513 1385 2034 5054 2104 2491 3152 2522 1665 2839 1562 1260 2111 2012 5681 2604 0 1689 3808 2197 5206 1436 3615 4983 3376 3744 6160 1544 1399 839 1344 3387 1341 2387 5356 3761 1412 3735 2414 4745 2634 2470 730 
2824 927 2199 2182 1892 948 1036 3124 405 1000 3654 3129 947 1600 2067 415 3460 471 2630 1951 1491 955 1150 272 2013 1667 1794 4107 1879 1689 0 3017 508 3613 2189 1926 3408 1797 3018 4567 1956 615 962 1322 2046 2069 2010 3781 2182 980 2933 877 3171 2617 1236 2040 
5385 2733 4626 4609 2577 3460 3923 1593 3363 3645 2654 2128 2778 2864 3593 3147 3845 2865 2286 1322 3893 3772 2514 3191 4575 4271 2475 3345 1336 3838 3030 0 2916 3998 4750 3001 3045 3319 893 4469 3210 3476 3496 2642 1019 3780 1812 2773 3517 3842 797 2295 2654 1948 3638 4402 
3236 504 2714 2697 1487 717 1101 3122 674 862 3249 3128 1441 2040 2561 276 3037 211 2873 1836 1199 950 724 664 2426 1488 2190 3701 1873 2197 508 2902 0 3189 2602 1501 3003 1374 2848 4144 2396 1023 1478 1762 1838 2563 2220 3376 1759 1214 2819 525 2766 2615 944 2555 
