Number of Customers
50
Number of Robot stations
5
Number of Trucks
1
Number of Robots per station
1
Truck Capacity [kg]
600
Number of no-fly zones:
10
Nodes in no-fly zones:
18 4 24 36 35 33 13 28 39 30 
Drone speed [m/s]
8.33
Drone battery [J]
600000
Maximum robot driving time [s]
3600
Pacel weight [node] [kg]
0	0
1	1.49297
2	3.94379
3	4.72499
4	4.7558
5	2.9637
6	4.51743
7	1.33999
8	4.52416
9	2.55725
10	2.92512
11	3.49742
12	4.7712
13	4.6752
14	2.24411
15	4.57127
16	0.407904
17	3.93422
18	4.6254
19	3.35625
20	1.35988
21	3.08005
22	4.71408
23	4.81696
24	3.98118
25	1.35809
26	3.10188
27	4.84508
28	0.644179
29	0.655394
30	0.762764
31	2.66597
32	4.38479
33	0.780709
34	1.57432
35	3.68404
36	4.22747
37	1.79789
38	3.48097
39	2.50746
40	4.47287
41	4.37851
42	0.499124
43	2.04448
44	4.77255
45	1.58808
46	0.619504
47	4.5104
48	0.770989
49	2.07379
50	3.40799
51	0
52	0
53	0
54	0
55	0
Node	latitud	longitud	t-start [s]	t-stop[s]	address
Depot
0	52.3405	4.84348	0	28800		Pilotenstraat 26, Amsterdam	
Customers
1	52.3492	4.84851	5670	16470		Aalsmeerweg 58, 1059AL Amsterdam	
2	52.3437	4.86425	16696	27496		Agamemnonstraat 61, 1076LS Amsterdam	
3	52.3535	4.85561	15282	26082		Amstelveenseweg 156, 1075XN Amsterdam	
4	52.4145	4.88882	10976	21776		Argostraat 62, 1033EG Amsterdam	
5	52.3457	4.85263	15224	26024		Artemisstraat 34, 1076DW Amsterdam	
6	52.4189	4.88647	14452	25252		Bergmolen 4, 1035BA Amsterdam	
7	52.3839	4.85517	13956	24756		Bos en Lommerweg 18, 1055EB Amsterdam	
8	52.402	4.91021	5552	16352		Buiksloterbreek 19, 1034XC Amsterdam	
9	52.3548	4.94965	16420	27220		Carolina MacGillavrylaan 2508, 1098XK Amsterdam	
10	52.3504	4.90642	5919	16719		Diamantstraat 154, 1074GG Amsterdam	
11	52.3631	4.92853	6893	17693		Eerste Van Swindenstraat 399, 1093GB Amsterdam	
12	52.3467	4.93605	15214	26014		Eisingastraat 8, 1097GS Amsterdam	
13	52.4063	4.93069	8545	19345		G.J. Scheurleerweg 86, 1022KL Amsterdam	
14	52.3531	4.88601	6606	17406		Hobbemakade 76, 1071XN Amsterdam	
15	52.3999	4.92531	6461	17261		J.H. Hisgenpad 294, 1025WK Amsterdam	
16	52.3593	4.8593	15175	25975		J.J. Cremerplein 5, 1054TE Amsterdam	
17	52.3568	4.85283	2017	12817		Jacob Marisstraat 87, 1058HX Amsterdam	
18	52.3756	4.9644	6080	16880		John Blankensteinstraat 70, 1095MB Amsterdam	
19	52.3456	4.91887	8495	19295		Julianaplein 16A, 1097DN Amsterdam	
20	52.3608	4.85855	7318	18118		Kanaalstraat 169, 1054XE Amsterdam	
21	52.3639	4.89469	14012	24812		Keizersgracht 637D, 1017DS Amsterdam	
22	52.3629	4.89804	1339	12139		Kerkstraat 371, 1017HW Amsterdam	
23	52.3646	4.86324	11428	22228		Kinkerstraat 293D, 1053ET Amsterdam	
24	52.3722	4.8981	1065	11865		Koestraat 3C, 1012BW Amsterdam	
25	52.345	4.91073	11108	21908		Kromme-Mijdrechtstraat 69, 1079KS Amsterdam	
26	52.3672	4.88524	9128	19928		Leidsegracht 28, 1016CL Amsterdam	
27	52.3624	4.88577	8592	19392		Lijnbaansgracht 265, 1017RL Amsterdam	
28	52.3518	4.9385	2715	13515		Mariotteplein 12, 1098NZ Amsterdam	
29	52.3864	4.92231	6508	17308		Meeuwenlaan 245, 1021JH Amsterdam	
30	52.4124	4.91833	10509	21309		Midscheeps 133, 1034TM Amsterdam	
31	52.3437	4.89492	3762	14562		Molenbeekstraat 33, 1078XB Amsterdam	
32	52.3589	4.94052	7075	17875		Molukkenstraat 184, 1094CA Amsterdam	
33	52.3931	4.8814	6423	17223		Narva-eiland 65, 1014ZJ Amsterdam	
34	52.4226	4.88904	5994	16794		Narwalstraat 17, 1035JE Amsterdam	
35	52.3665	4.90347	993	11793		Nieuwe Herengracht 41F, 1011RN Amsterdam	
36	52.376	4.89521	12177	22977		Nieuwezijds Kolk 1X, 1012PV Amsterdam	
37	52.3399	4.94203	13137	23937		Oogststraat 100, 1097ZW Amsterdam	
38	52.3689	4.84902	8567	19367		Orteliuskade 63, 1057AM Amsterdam	
39	52.3906	4.87682	832	11632		Polanenstraat 156, 1013WC Amsterdam	
40	52.3695	4.87401	14919	25719		Potgieterstraat 31, 1053XR Amsterdam	
41	52.3716	4.91024	13360	24160		Prins Hendrikkade 176D, 1011TC Amsterdam	
42	52.3768	4.85122	8881	19681		Sanderijnstraat 10, 1055BR Amsterdam	
43	52.3542	4.90103	7942	18742		Sint Willibrordusstraat 48, 1073VC Amsterdam	
44	52.3895	4.87969	8419	19219		Spaarndammerstraat 554, 1013TH Amsterdam	
45	52.3779	4.93448	15411	26211		Sumatrakade 171, 1019PJ Amsterdam	
46	52.3588	4.91378	9976	20776		Tilanusstraat 280, 1091MX Amsterdam	
47	52.389	4.88357	10226	21026		Van Noordtkade 34E, 1013BZ Amsterdam	
48	52.3747	4.86985	10903	21703		Van Reigersbergenstraat 28, 1052WP Amsterdam	
49	52.3511	4.90375	9789	20589		Van Woustraat 197, 1074AN Amsterdam	
50	52.3472	4.90566	3802	14602		Vechtstraat 46, 1078RM Amsterdam	
Robot stations
51	52.3738	4.89578	0	28800		Amsterdam Centrum	
52	52.4017	4.91516	0	28800		Amsterdam Noord	
53	52.3528	4.93056	0	28800		Amsterdam Oost	
54	52.375	4.86667	0	28800		Amsterdam West	
55	52.3464	4.85861	0	28800		Amsterdam Zuid	
Truck driving time matrix [s]
0 214 585 395 961 493 835 592 1097 803 749 1096 745 1135 752 1190 478 442 726 807 530 942 970 894 1287 650 877 782 933 1374 1008 590 1032 878 836 1228 1310 717 601 869 815 1199 580 767 867 1244 1002 821 708 693 634 1375 1067 890 653 510 
230 0 371 181 885 335 759 573 1021 717 677 1069 673 1059 538 1402 311 229 655 720 363 741 769 732 1211 578 709 568 837 1296 932 518 935 803 760 1027 1235 645 434 794 648 1112 560 775 792 1169 914 746 687 728 667 1299 991 794 633 296 
600 370 0 289 1218 208 1090 855 1279 947 627 947 851 1255 383 1259 441 523 669 712 493 781 812 849 1150 619 784 621 838 1165 1377 474 918 1134 1091 944 1252 659 679 1125 765 1021 827 617 1123 1187 829 1078 965 571 511 1304 1320 806 905 165 
496 267 371 0 1029 334 901 674 1421 1127 782 1067 1025 1397 538 1400 252 395 829 867 304 739 767 668 1278 774 651 568 1005 1294 1076 648 1098 945 902 1025 1329 820 490 935 589 1110 647 772 933 1276 912 888 776 726 666 1393 1135 963 720 296 
906 832 1115 853 0 1079 224 697 374 1289 1324 1022 1322 629 1359 684 858 848 708 1226 910 1322 1240 1047 949 1263 1206 1357 1293 547 558 1145 1168 691 225 854 993 887 809 644 960 871 650 1164 637 940 1069 634 881 1225 1291 1070 413 1222 826 1041 
540 311 215 229 1169 0 1041 806 1340 722 694 1008 664 1316 449 1319 381 463 645 726 433 789 819 800 1211 569 781 616 899 1225 1438 540 979 1085 1042 1005 1313 636 619 1075 718 1081 778 684 1073 1248 890 1028 916 637 578 1364 1380 866 856 136 
796 722 1005 743 230 969 0 587 462 1008 1266 1121 805 541 1174 596 749 738 598 1167 800 1263 1182 937 1048 1205 1097 1159 1012 646 414 1036 885 581 110 953 995 777 699 534 850 970 540 1109 528 928 1029 524 771 1166 1232 1060 512 1163 716 931 
582 508 803 529 734 764 605 0 1087 1061 1041 904 1221 1053 767 1057 534 523 1056 1150 611 800 837 456 706 894 589 680 1065 953 788 834 938 513 606 842 729 961 477 429 368 817 203 882 295 667 1014 310 272 951 1039 794 847 1100 216 720 
1031 959 1429 979 382 1467 497 825 0 1023 1059 764 1056 290 1093 345 984 973 651 960 1035 1056 975 1368 702 998 1182 1092 1027 297 233 1196 903 820 499 605 739 820 936 775 1153 624 781 899 768 694 804 907 1160 959 1025 804 74 956 952 1390 
1428 1201 914 1127 1214 1126 980 1092 932 0 694 308 227 906 854 909 1269 1351 398 342 1321 941 862 1276 792 555 1069 959 193 804 1038 765 102 1073 981 729 822 335 1506 952 1089 670 1309 704 904 442 615 846 1097 638 608 887 972 315 1217 1047 
1046 824 706 743 1148 742 1023 1210 882 549 0 528 438 858 391 861 894 975 580 280 946 540 459 895 751 187 667 542 419 767 980 366 517 1219 1024 494 854 494 1125 1111 782 579 1250 160 1060 792 380 998 1054 116 214 907 923 376 1161 663 
1304 1120 1004 1044 992 1042 852 973 737 327 631 0 467 703 665 707 1184 1261 415 440 1236 695 614 1067 590 566 827 714 331 603 817 775 204 954 853 526 628 543 1366 847 944 468 1189 468 797 431 362 752 977 531 597 693 771 300 1098 965 
1295 1069 958 994 1383 993 857 1260 1101 212 556 476 0 766 717 1078 1136 1218 451 204 1188 896 820 1257 961 417 1021 905 171 973 895 628 269 1241 858 734 991 209 1374 1121 1147 819 1477 566 1073 609 594 1015 1265 500 470 1055 850 234 1385 915 
1021 949 1410 968 622 1448 409 814 281 931 1040 763 726 0 1074 213 973 963 580 941 1024 1037 955 1349 701 978 1163 1073 935 330 296 1177 869 808 410 601 738 698 926 993 1134 620 767 884 943 692 803 891 1141 940 1006 803 251 937 943 1371 
733 514 423 432 1236 459 1112 869 971 747 406 640 649 947 0 950 585 667 865 491 637 404 431 591 842 398 462 238 629 856 1069 274 703 1130 1113 636 943 699 812 966 478 712 937 275 830 878 496 845 713 338 290 995 1011 587 819 380 
1139 1067 1461 1087 736 1499 527 932 395 1055 1091 811 1088 276 1125 0 1092 1081 637 992 1143 1088 1006 1400 749 1029 1213 1124 1059 378 410 1228 938 1169 528 649 786 816 1044 1045 1185 668 885 934 993 740 850 942 1192 991 1057 851 365 988 1341 1422 
589 421 525 261 1044 489 915 685 1396 1255 909 1042 1184 1372 626 1375 0 409 990 1027 127 708 736 552 1185 931 535 537 1166 1269 1091 805 1137 960 916 1000 1209 981 504 1010 473 1085 662 746 869 1156 880 884 691 809 825 1273 1150 1123 636 450 
387 225 484 220 855 447 728 486 990 840 867 1133 781 1028 651 1084 225 0 763 951 277 798 827 641 1180 688 623 626 1090 1359 901 751 1183 771 729 1091 1203 754 348 761 561 1175 474 837 759 1138 972 715 602 810 768 1268 960 1047 547 409 
1111 1102 815 1020 736 939 610 1116 634 437 754 439 422 515 944 566 1144 1210 0 606 1183 977 897 1300 819 615 1123 1002 442 556 649 825 315 1096 612 759 852 395 1125 976 1113 705 1333 759 927 476 656 875 1120 817 668 910 604 566 1241 896 
1115 889 777 814 1278 813 1153 1273 1009 316 378 460 205 971 539 976 956 1038 580 0 1008 716 646 1077 844 239 841 725 186 861 1110 450 284 1253 1154 593 966 261 1194 1133 967 675 1351 388 1085 624 452 1027 1220 322 292 1036 1052 234 1327 735 
582 415 519 255 1037 482 909 576 1377 1235 890 1023 1164 1352 607 1356 85 403 1323 1010 0 690 717 443 1166 912 517 519 1146 1249 1084 799 1117 953 910 981 1189 974 424 957 455 1065 581 727 822 1136 862 837 582 790 819 1253 1417 1106 527 444 
1096 909 851 827 1213 887 1088 938 947 807 462 589 734 923 458 926 813 1024 894 577 844 0 95 624 805 484 303 281 715 820 1045 604 684 1082 1089 547 919 791 889 964 510 632 1044 299 860 846 434 854 736 362 460 971 987 673 888 808 
1074 891 773 810 1135 809 1010 965 869 729 384 512 657 845 413 848 843 1032 816 499 873 206 0 653 727 406 332 280 637 743 967 526 606 1126 1012 469 841 713 918 1008 540 554 1072 221 904 768 356 899 775 284 382 894 910 595 917 731 
583 448 590 327 970 554 837 418 1329 1188 843 975 1117 1305 560 1308 190 403 1276 963 221 642 670 0 1039 865 469 471 1099 1202 1002 834 1070 884 838 933 1062 1172 266 799 400 1018 423 680 664 1010 815 679 424 743 841 1127 1047 1058 369 515 
1507 1324 1207 1247 1048 1246 927 1024 784 991 852 742 911 749 886 754 1387 1465 1004 753 1439 849 767 1236 0 790 968 885 891 649 883 982 871 1006 928 332 353 960 1471 888 1022 460 1269 689 836 690 608 778 1029 752 818 418 823 849 1178 1169 
988 761 642 679 1279 678 1154 1249 1013 574 271 602 462 989 391 992 830 912 604 305 882 669 588 981 882 0 796 630 443 898 1111 302 542 1350 1155 625 985 519 1067 1242 868 710 1224 289 1191 876 512 1129 1093 215 155 1038 1054 401 1200 600 
1013 879 1019 757 1431 985 1211 745 1112 1086 821 929 1070 1078 643 1082 621 834 1081 936 652 359 447 431 735 843 0 497 1057 978 1218 917 963 861 1212 871 759 1125 697 744 318 847 854 658 640 694 793 634 516 721 819 823 1154 1031 677 946 
949 762 734 681 1311 752 1186 932 1046 905 563 690 834 1022 311 1025 808 886 993 677 839 314 342 618 904 585 378 0 816 919 1143 585 785 1216 1187 648 1018 889 884 1022 505 733 1041 400 887 945 535 902 740 463 561 1070 1086 774 883 691 
1283 1056 945 981 1237 980 1003 1115 956 198 560 348 192 929 723 933 1124 1206 438 208 1176 884 807 1245 816 421 1009 892 0 828 1062 631 142 1096 1004 742 845 300 1361 975 1113 707 1332 570 927 482 597 869 1120 504 473 910 995 168 1240 902 
1140 1399 1282 1323 593 1321 529 1009 325 877 912 628 909 350 946 346 1420 1082 642 814 1451 909 828 1221 566 851 1035 945 881 0 485 1050 756 990 530 466 603 969 1045 866 1007 485 886 752 815 557 667 760 1014 812 879 668 364 809 1163 1244 
1021 949 1230 968 570 1194 414 815 267 1065 1175 898 861 305 1209 360 973 963 666 1076 1024 1172 1090 1162 835 1113 1298 1208 1070 477 0 1312 942 810 415 748 873 833 926 765 1269 765 771 1018 758 826 937 755 996 1075 1141 938 237 1072 942 1156 
901 672 494 590 1339 556 1215 1163 1074 676 322 704 565 1050 303 1053 743 825 510 407 795 706 638 893 944 314 765 541 545 959 1172 0 644 1395 1216 727 1046 621 963 1260 780 785 1107 340 1125 938 600 1139 1007 266 206 1098 1114 503 1114 511 
1369 1142 1031 1068 1119 1067 885 997 837 131 652 215 284 811 810 814 1210 1292 305 300 1262 846 767 1181 697 513 974 864 136 709 943 724 0 978 886 636 727 392 1416 857 994 577 1214 628 809 349 522 751 1002 596 566 792 877 260 1122 989 
853 779 1057 800 815 1021 689 492 1132 1105 1312 940 1265 1097 1106 1102 805 795 1101 1261 857 1091 1106 944 740 1297 865 1101 1109 994 861 1087 979 0 690 877 764 1392 756 350 814 851 597 1155 343 699 1093 295 745 1215 1310 828 918 1145 708 983 
807 733 1015 754 240 979 114 597 485 1018 1276 998 815 579 1184 634 759 748 609 1177 810 1273 1192 948 1068 1215 1107 1169 1022 666 453 1046 895 591 0 835 1006 787 709 545 860 854 551 1120 538 938 1039 535 782 1176 1243 1070 511 1173 726 941 
1267 1084 967 1007 821 1006 697 911 553 750 598 511 657 518 632 523 1147 1225 778 499 1199 595 514 1001 402 537 727 631 638 418 653 742 629 892 698 0 513 719 1290 785 888 230 1156 436 734 459 354 671 915 498 565 577 592 596 1064 929 
1509 1326 1210 1250 1060 1248 948 1127 825 993 862 803 921 808 896 811 1390 1467 1016 797 1441 859 807 1243 398 820 969 895 902 749 913 984 892 1108 948 434 0 962 1533 990 1125 592 1372 762 939 772 701 880 1131 796 832 64 853 859 1280 1171 
1079 1128 783 1053 920 908 795 1369 818 312 615 562 200 700 776 751 1195 1277 383 263 1247 955 879 1316 1050 476 1080 964 278 741 833 687 376 1350 796 793 1100 0 1149 1230 1206 878 1234 625 1181 716 653 1124 1374 559 529 1164 789 335 1494 974 
534 498 641 377 775 604 646 327 882 972 1004 1189 1247 920 791 976 382 454 1350 1089 434 824 864 475 1000 820 608 702 1227 1246 807 875 1231 690 647 1136 1023 887 0 680 388 1111 236 907 604 973 1040 619 364 948 886 1088 852 1185 308 566 
801 726 1004 747 762 968 636 439 998 971 1164 806 1131 963 958 968 752 742 967 1128 804 958 958 792 610 1163 735 954 976 860 809 1156 845 391 637 746 633 1258 703 0 646 721 544 1007 71 568 959 164 577 1068 1162 697 1039 1011 655 932 
786 651 793 530 1085 757 956 477 1172 1070 735 857 998 1137 455 1142 393 606 1141 844 424 488 525 203 804 755 273 366 980 1039 1277 727 951 772 957 815 819 1054 469 579 0 899 626 575 444 779 709 459 297 638 733 881 1213 940 427 719 
1258 1176 1059 1100 694 1098 573 717 430 610 677 359 675 395 721 400 1128 1201 605 583 1159 675 597 929 282 620 761 720 614 295 530 827 487 698 574 233 320 746 1165 586 714 0 962 519 534 288 434 476 721 582 648 385 469 555 870 1021 
593 518 800 539 741 765 615 172 867 1260 982 1103 978 905 891 960 544 534 1255 1040 596 925 962 576 906 883 709 803 1264 1152 785 827 1137 631 616 1042 929 950 457 601 489 1017 0 1006 467 866 1139 482 392 1076 867 993 837 1300 337 728 
914 731 617 653 1130 652 1005 1078 865 682 289 492 575 840 261 843 795 872 759 417 847 468 386 810 735 325 594 470 556 749 962 369 559 1201 1007 488 837 631 993 1094 710 573 1118 0 1040 772 348 980 922 189 287 889 905 514 1029 574 
790 716 994 737 751 958 625 386 982 955 1093 796 1115 947 887 951 742 731 951 1111 794 887 887 720 599 1113 709 883 959 848 798 1085 833 380 626 735 622 1242 692 135 575 710 534 936 0 558 943 141 506 996 1091 687 1023 995 602 921 
1271 1200 1246 1278 966 1284 802 760 654 459 880 418 611 619 909 624 1142 1215 454 627 1172 924 814 943 467 818 806 967 463 519 754 1014 336 741 803 443 490 719 1178 623 757 385 976 716 572 0 610 514 764 779 845 554 694 588 884 1207 
1175 991 875 915 1012 913 892 1094 767 479 500 289 415 732 534 736 1055 1132 567 333 1107 533 452 938 623 438 660 569 396 631 857 642 356 1075 893 366 707 471 1237 952 815 450 1335 337 903 580 0 854 1098 400 466 772 809 348 1243 836 
828 757 1032 777 791 996 667 360 936 909 1047 749 1069 901 841 906 841 772 905 1066 841 841 841 688 550 1067 675 836 914 801 1041 1039 787 332 668 686 573 1196 735 214 548 661 563 890 136 509 897 0 480 951 1045 638 977 949 576 959 
834 756 941 689 1078 905 952 368 1120 1093 923 936 1186 1085 650 1089 552 766 1088 1032 583 683 721 362 739 944 468 562 1097 985 1225 915 970 652 953 875 762 1242 589 470 247 850 522 767 335 707 897 350 0 826 921 826 1161 1128 204 880 
936 708 590 626 1129 625 1004 1124 863 568 100 478 456 839 305 842 778 860 598 298 830 454 373 809 732 206 581 456 437 748 961 250 535 1200 1006 474 836 512 1015 1093 696 559 1164 74 1041 770 334 979 969 0 98 888 904 394 1075 547 
966 738 620 656 1214 655 1090 1210 949 597 141 563 486 924 369 927 807 889 628 328 859 539 457 894 817 235 665 541 467 833 1046 280 565 1285 1091 559 921 542 1045 1178 781 644 1202 159 1127 855 419 1064 1054 85 0 973 989 424 1161 577 
1523 1339 1223 1263 1073 1261 961 1101 840 1006 876 817 935 822 911 825 1403 1480 1030 811 1455 874 822 1256 343 834 982 910 916 726 927 997 907 1083 962 409 392 975 1546 965 1099 538 1346 766 914 767 685 856 1106 811 846 0 867 874 1255 1184 
1049 977 1463 997 418 1223 454 844 76 1058 1093 798 826 262 1127 318 1002 991 623 995 1053 1090 1009 1402 736 1032 1216 1126 1062 332 231 1230 937 838 455 641 774 798 954 794 1187 659 799 933 787 729 838 941 1194 994 1060 839 0 991 971 1424 
1233 1007 896 933 1270 932 1150 1244 1028 300 485 348 246 989 645 994 1074 1156 550 219 1126 831 750 1195 890 346 958 844 155 877 1114 556 254 1225 1151 662 931 322 1311 1104 1085 748 1461 494 1056 594 522 999 1249 428 398 996 1067 0 1369 853 
704 630 867 608 945 840 825 241 1151 1124 954 968 1218 1116 704 1121 555 645 1120 1063 586 738 760 419 770 975 522 615 1129 1016 977 946 1001 690 826 906 793 1273 462 508 301 881 396 799 373 743 928 388 133 858 952 858 1192 1159 0 802 
517 287 145 206 1141 125 1014 779 1264 697 613 932 836 1240 368 1243 358 440 620 697 410 730 758 774 1135 544 726 559 823 1149 1362 470 902 1057 1015 929 1236 611 596 1048 695 1005 753 603 1046 1171 814 1001 889 557 497 1288 1304 790 829 0 
Drone flying time matrix [s]
0 123 174 200 1054 102 1103 588 984 886 530 756 759 1130 385 1036 283 230 1091 618 298 521 536 360 614 552 493 452 789 888 1137 422 828 767 1157 599 634 803 382 721 461 684 489 504 717 894 623 725 504 511 515 616 1004 728 498 146 
123 0 148 82 931 58 980 467 865 828 472 678 714 1014 310 922 161 107 1008 576 176 424 443 238 507 510 384 351 734 780 1018 385 761 645 1034 504 522 772 264 599 342 585 369 433 594 798 547 603 382 451 467 506 886 670 375 90 
174 148 0 149 966 99 1020 543 864 712 355 585 587 996 218 900 213 198 921 446 234 367 377 280 470 379 358 306 615 741 1018 250 654 675 1073 442 500 636 360 635 354 528 455 331 624 732 452 626 417 337 341 478 879 554 419 59 
200 82 149 0 858 107 908 406 785 767 416 608 662 933 248 840 84 49 934 526 101 347 368 161 427 463 303 273 676 699 938 346 696 569 962 427 440 727 213 524 261 506 313 370 518 720 479 526 306 394 416 425 806 611 301 98 
1054 931 966 858 0 965 61 491 241 938 867 758 983 358 820 355 774 825 805 952 757 677 693 698 570 945 632 696 929 463 242 946 853 292 108 652 517 1086 689 334 612 599 589 811 342 614 770 343 553 855 908 546 274 891 557 942 
102 58 99 107 965 0 1015 511 886 800 443 661 680 1029 290 935 190 148 994 540 208 420 436 267 512 474 392 350 705 786 1039 346 738 675 1069 499 533 733 312 631 363 583 415 411 624 794 528 631 412 423 433 515 905 642 407 50 
1103 980 1020 908 61 1015 0 531 297 998 928 819 1044 397 878 405 825 873 858 1014 807 737 753 749 630 1006 689 754 990 522 273 1005 914 346 54 713 577 1147 733 386 666 661 631 871 397 672 832 399 605 916 969 606 327 953 608 994 
588 467 543 406 491 511 531 0 509 862 612 659 825 683 482 610 330 363 897 729 309 419 448 266 383 689 331 380 803 548 640 627 772 246 585 457 343 920 206 197 246 478 101 545 213 651 583 241 172 591 640 357 543 742 152 502 
984 865 864 785 241 886 297 509 0 706 688 539 767 176 681 126 704 763 564 756 692 524 531 628 410 760 506 564 708 230 155 787 626 263 325 477 368 868 665 311 524 406 586 642 299 377 576 277 490 681 731 393 40 677 505 853 
886 828 712 767 938 800 998 862 706 0 357 205 155 704 519 633 739 789 302 280 747 464 434 716 480 343 550 530 99 477 810 470 92 755 1031 407 526 209 841 761 647 391 854 396 734 332 297 706 702 377 373 507 686 158 728 751 
530 472 355 416 867 443 928 612 688 357 0 247 247 771 170 678 402 445 580 121 414 203 180 400 298 81 283 232 262 498 833 130 300 605 974 216 353 322 529 588 367 284 571 67 564 432 127 548 440 23 43 324 688 199 461 393 
756 678 585 608 758 661 819 659 539 205 247 0 228 576 371 491 566 623 336 247 571 276 248 532 276 282 357 349 171 315 663 377 113 555 857 209 321 329 652 558 452 187 656 254 531 203 133 504 502 258 282 303 526 139 528 612 
759 714 587 662 983 680 1044 825 767 155 247 228 0 796 417 715 648 691 450 141 659 408 378 640 460 208 496 460 71 542 889 338 167 763 1083 374 513 103 769 759 590 393 799 303 732 417 243 708 656 270 248 489 753 93 680 631 
1130 1014 996 933 358 1029 397 683 176 704 771 576 796 0 798 96 855 916 493 816 844 637 637 782 527 834 639 691 730 274 130 884 638 438 403 576 497 891 831 486 674 493 757 736 472 380 648 448 651 769 814 518 141 714 668 992 
385 310 218 248 820 290 878 482 681 519 170 371 417 798 0 702 233 275 706 286 246 160 164 241 273 229 189 124 428 534 834 145 451 535 928 228 314 489 368 506 240 316 425 123 488 515 239 480 317 147 178 288 691 363 332 241 
1036 922 900 840 355 935 405 610 126 633 678 491 715 96 702 0 763 825 454 727 753 541 541 691 431 742 545 595 650 181 177 789 561 369 423 480 403 812 746 414 582 398 678 641 397 303 556 370 563 675 721 423 86 630 582 897 
283 161 213 84 774 190 825 330 704 739 402 566 648 855 233 763 0 63 883 519 21 295 319 77 360 461 236 220 653 628 856 357 662 485 879 372 367 722 153 441 181 446 242 347 435 661 444 443 222 379 411 355 726 587 217 173 
230 107 198 49 825 148 873 363 763 789 445 623 691 916 275 825 63 0 943 559 72 354 377 135 422 497 299 279 701 691 915 385 715 538 927 433 430 761 166 492 243 508 268 394 488 723 497 498 277 422 449 418 786 636 268 146 
1091 1008 921 934 805 994 858 897 564 302 580 336 450 493 706 454 883 943 0 546 885 589 567 837 542 598 654 664 381 372 618 708 296 715 878 511 564 510 944 741 741 444 922 590 714 246 469 682 770 593 610 560 531 411 796 946 
618 576 446 526 952 540 1014 729 756 280 121 247 141 816 286 727 519 559 546 0 532 314 287 520 394 67 398 351 181 546 893 197 251 704 1057 306 449 203 649 692 486 354 691 186 667 450 182 648 557 144 110 422 750 135 579 491 
298 176 234 101 757 208 807 309 692 747 414 571 659 844 246 753 21 72 885 532 0 297 323 63 356 475 234 223 663 622 843 374 668 469 861 374 360 736 133 424 171 445 221 357 419 659 451 428 206 391 425 349 714 597 200 193 
521 424 367 347 677 420 737 419 524 464 203 276 408 637 160 541 295 354 589 314 297 0 30 256 114 284 89 75 392 376 676 269 379 405 785 80 161 501 378 385 185 163 394 139 362 374 170 347 248 186 240 133 531 328 272 376 
536 443 377 368 693 436 753 448 531 434 180 248 378 637 164 541 319 377 567 287 323 30 0 284 124 260 119 100 361 371 681 257 350 425 800 65 176 472 407 408 215 152 424 119 385 358 139 368 278 165 218 147 536 298 302 390 
360 238 280 161 698 267 749 266 628 716 400 532 640 782 241 691 77 135 837 520 63 256 284 0 301 467 183 186 637 562 780 380 634 408 802 329 301 722 129 364 110 394 190 338 358 607 419 366 145 376 416 292 651 571 141 246 
614 507 470 427 570 512 630 383 410 480 298 276 460 527 273 431 360 422 542 394 356 114 124 301 0 377 124 165 427 274 562 381 389 311 677 88 56 560 402 301 199 99 387 241 275 306 219 254 233 286 339 29 418 370 259 471 
552 510 379 463 945 474 1006 689 760 343 81 282 208 834 229 742 461 497 598 67 475 284 260 467 377 0 362 309 244 561 902 130 305 685 1051 293 432 264 596 668 444 354 644 146 645 480 186 628 518 99 51 404 757 192 538 425 
493 384 358 303 632 392 689 331 506 550 283 357 496 639 189 545 236 299 654 398 234 89 119 183 124 362 0 65 480 396 661 323 464 347 740 149 142 589 296 319 97 212 305 216 300 426 258 291 160 263 314 123 520 417 183 353 
452 351 306 273 696 350 754 380 564 530 232 349 460 691 124 595 220 279 664 351 223 75 100 186 165 309 65 0 452 438 718 260 449 411 804 154 197 548 312 383 135 234 341 166 364 447 233 356 209 211 259 173 576 387 229 308 
789 734 615 676 929 705 990 803 708 99 262 171 71 730 428 650 653 701 381 181 663 392 361 637 427 244 480 452 0 480 825 371 96 721 1027 346 478 162 764 721 576 350 785 307 694 349 222 668 637 283 275 455 692 66 662 655 
888 780 741 699 463 786 522 548 230 477 498 315 542 274 534 181 628 691 372 546 622 376 371 562 274 561 396 438 480 0 349 612 396 345 554 307 261 641 641 375 453 222 593 464 349 151 375 317 455 496 540 274 212 454 478 745 
1137 1018 1018 938 242 1039 273 640 155 810 833 663 889 130 834 177 856 915 618 893 843 676 681 780 562 902 661 718 825 349 0 937 737 396 274 625 522 987 810 446 677 550 724 790 439 479 716 421 640 828 876 547 146 802 653 1007 
422 385 250 346 946 346 1005 627 787 470 130 377 338 884 145 789 357 385 708 197 374 269 257 380 381 130 323 260 371 612 937 0 423 668 1054 312 430 387 503 642 384 392 567 149 623 558 254 612 461 122 99 402 791 315 477 298 
828 761 654 696 853 738 914 772 626 92 300 113 167 638 451 561 662 715 296 251 668 379 350 634 389 305 464 449 96 396 737 423 0 664 948 319 434 254 758 669 560 299 766 328 642 259 218 614 613 317 324 416 608 115 639 688 
767 645 675 569 292 675 346 246 263 755 605 555 763 438 535 369 485 538 715 704 469 405 425 408 311 685 347 411 721 345 396 668 664 0 399 398 255 865 417 50 320 372 328 543 51 478 528 57 263 590 643 283 298 671 270 651 
1157 1034 1073 962 108 1069 54 585 325 1031 974 857 1083 403 928 423 879 927 878 1057 861 785 800 802 677 1051 740 804 1027 554 274 1054 948 399 0 758 625 1185 787 439 719 703 685 918 449 702 875 451 659 963 1015 654 351 992 661 1047 
599 504 442 427 652 499 713 457 477 407 216 209 374 576 228 480 372 433 511 306 374 80 65 329 88 293 149 154 346 307 625 312 319 398 758 0 143 474 445 388 243 87 447 165 363 295 132 342 295 206 258 116 479 287 321 453 
634 522 500 440 517 533 577 343 368 526 353 321 513 497 314 403 367 430 564 449 360 161 176 301 56 432 142 197 478 261 522 430 434 255 625 143 0 614 388 246 193 136 359 294 220 321 274 199 207 339 393 29 380 423 233 495 
803 772 636 727 1086 733 1147 920 868 209 322 329 103 891 489 812 722 761 510 203 736 501 472 722 560 264 589 548 162 641 987 387 254 865 1185 474 614 0 851 860 681 495 889 385 834 511 342 810 749 346 312 589 853 196 772 686 
382 264 360 213 689 312 733 206 665 841 529 652 769 831 368 746 153 166 944 649 133 378 407 129 402 596 296 312 764 641 810 503 758 417 787 445 388 851 0 367 204 500 106 467 371 706 545 389 186 506 545 386 694 699 165 311 
721 599 635 524 334 631 386 197 311 761 588 558 759 486 506 414 441 492 741 692 424 385 408 364 301 668 319 383 721 375 446 642 669 50 439 388 246 860 367 0 282 372 278 524 28 499 520 59 219 571 624 272 346 668 224 608 
461 342 354 261 612 363 666 246 524 647 367 452 590 674 240 582 181 243 741 486 171 185 215 110 199 444 97 135 576 453 677 384 560 320 719 243 193 681 204 282 0 296 209 301 270 505 354 271 77 346 394 186 544 512 94 334 
684 585 528 506 599 583 661 478 406 391 284 187 393 493 316 398 446 508 444 354 445 163 152 394 99 354 212 234 350 222 550 392 299 372 703 87 136 495 500 372 296 0 486 243 345 215 172 319 332 278 327 122 404 300 358 538 
489 369 455 313 589 415 631 101 586 854 571 656 799 757 425 678 242 268 922 691 221 394 424 190 387 644 305 341 785 593 724 567 766 328 685 447 359 889 106 278 209 486 0 506 287 678 563 310 154 549 594 365 618 722 128 410 
504 433 331 370 811 411 871 545 642 396 67 254 303 736 123 641 347 394 590 186 357 139 119 338 241 146 216 166 307 464 790 149 328 543 918 165 294 385 467 524 301 243 506 0 501 417 121 486 373 48 100 265 644 241 394 361 
717 594 624 518 342 624 397 213 299 734 564 531 732 472 488 397 435 488 714 667 419 362 385 358 275 645 300 364 694 349 439 623 642 51 449 363 220 834 371 28 270 345 287 501 0 472 494 32 213 549 602 246 332 641 220 600 
894 798 732 720 614 794 672 651 377 332 432 203 417 380 515 303 661 723 246 450 659 374 358 607 306 480 426 447 349 151 479 558 259 478 702 295 321 511 706 499 505 215 678 417 472 0 305 440 528 437 472 320 354 337 554 748 
623 547 452 479 770 528 832 583 576 297 127 133 243 648 239 556 444 497 469 182 451 170 139 419 219 186 258 233 222 375 716 254 218 528 875 132 274 342 545 520 354 172 563 121 494 305 0 472 416 132 168 248 572 159 440 479 
725 603 626 526 343 631 399 241 277 706 548 504 708 448 480 370 443 498 682 648 428 347 368 366 254 628 291 356 668 317 421 612 614 57 451 342 199 810 389 59 271 319 310 486 32 440 472 0 222 533 586 226 308 617 232 604 
504 382 417 306 553 412 605 172 490 702 440 502 656 651 317 563 222 277 770 557 206 248 278 145 233 518 160 209 637 455 640 461 613 263 659 295 207 749 186 219 77 332 154 373 213 528 416 222 0 419 468 212 516 575 26 389 
511 451 337 394 855 423 916 591 681 377 23 258 270 769 147 675 379 422 593 144 391 186 165 376 286 99 263 211 283 496 828 122 317 590 963 206 339 346 506 571 346 278 549 48 549 437 132 533 419 0 53 311 682 220 440 373 
515 467 341 416 908 433 969 640 731 373 43 282 248 814 178 721 411 449 610 110 425 240 218 416 339 51 314 259 275 540 876 99 324 643 1015 258 393 312 545 624 394 327 594 100 602 472 168 586 468 53 0 364 731 216 488 384 
616 506 478 425 546 515 606 357 393 507 324 303 489 518 288 423 355 418 560 422 349 133 147 292 29 404 123 173 455 274 547 402 416 283 654 116 29 589 386 272 186 122 365 265 246 320 248 226 212 311 364 0 404 399 238 475 
1004 886 879 806 274 905 327 543 40 686 688 526 753 141 691 86 726 786 531 750 714 531 536 651 418 757 520 576 692 212 146 791 608 298 351 479 380 853 694 346 544 404 618 644 332 354 572 308 516 682 731 404 0 665 532 870 
728 670 554 611 891 642 953 742 677 158 199 139 93 714 363 630 587 636 411 135 597 328 298 571 370 192 417 387 66 454 802 315 115 671 992 287 423 196 699 668 512 300 722 241 641 337 159 617 575 220 216 399 665 0 599 593 
498 375 419 301 557 407 608 152 505 728 461 528 680 668 332 582 217 268 796 579 200 272 302 141 259 538 183 229 662 478 653 477 639 270 661 321 233 772 165 224 94 358 128 394 220 554 440 232 26 440 488 238 532 599 0 387 
146 90 59 98 942 50 994 502 853 751 393 612 631 992 241 897 173 146 946 491 193 376 390 246 471 425 353 308 655 745 1007 298 688 651 1047 453 495 686 311 608 334 538 410 361 600 748 479 604 389 373 384 475 870 593 387 0 
Robot driving time matrix [s]
0 771 1849 1205 6248 1633 6889 3431 5866 5522 3495 4452 4903 6742 2595 6232 1720 1340 6498 4179 1756 3054 3156 2184 3587 3681 2987 2709 5050 5188 6859 2988 5054 4583 7026 3544 3692 5345 2212 4317 2812 3934 2915 3197 4171 5308 3790 4226 3019 3332 3473 3600 5919 4618 3067 1566 
771 0 1157 513 5556 941 6197 2677 5174 4830 2802 3760 4210 6050 1903 5540 1028 639 5805 3487 1064 2362 2464 1492 2895 2989 2295 2017 4358 4496 6167 2296 4361 3891 6334 2852 3000 4653 1450 3624 2119 3242 2153 2505 3478 4616 3098 3534 2327 2640 2781 2907 5227 3925 2374 873 
1849 1157 0 870 5848 646 6489 3086 5204 4094 2066 3211 3400 6080 1318 5569 1375 1175 5329 2676 1411 2284 2355 1884 2835 2160 2357 1957 3547 4526 6197 1419 3717 4183 6626 2785 3029 3842 2044 3917 2355 3181 2635 1889 3771 4482 2538 3826 2694 1904 1970 2938 5256 3115 2721 384 
1205 513 870 0 5054 703 5695 2237 4668 4493 2516 3382 3924 5543 1637 5033 526 327 5417 3200 562 1963 2065 990 2387 2702 1789 1554 4071 3990 5660 2009 4024 3390 5832 2453 2493 4366 1195 3123 1618 2843 1787 2239 2977 4217 2761 3032 1825 2353 2494 2401 4720 3639 1873 630 
6248 5556 5848 5054 0 5735 764 3507 1611 5700 4994 4636 5759 2654 4758 2497 4633 4915 5559 5401 4520 3964 4044 4115 3313 5457 3795 4088 5558 2710 1803 5392 5219 2089 1003 3798 2991 6427 4456 2348 3513 3523 4119 4662 2291 3740 4473 2149 3339 4865 5164 3185 1679 5225 3441 5694 
1633 941 646 703 5735 0 6376 2918 5256 4527 2460 3558 3833 6132 1660 5621 1207 1008 5675 3109 1243 2356 2458 1671 2889 2612 2377 2011 3980 4578 6249 1918 4119 4071 6513 2847 3081 4275 1876 3804 2374 3236 2468 2262 3658 4611 2884 3713 2506 2298 2404 2989 5309 3548 2554 385 
6889 6197 6489 5695 779 6376 0 4147 1922 6341 5635 5276 6399 2949 5399 2808 5274 5556 5870 6042 5161 4604 4685 4755 3954 6098 4435 4729 6199 3222 1860 6032 5859 2730 445 4439 3631 7068 5097 2989 4154 4163 4760 5302 2931 4183 5114 2790 3980 5505 5804 3825 1990 5866 4082 6335 
3404 2695 3105 2256 3497 2938 4138 0 3194 4949 3645 3882 4918 4447 2798 3937 1878 2105 5691 4484 1765 2578 2789 1521 2396 4112 2114 2271 4718 3201 4187 3657 4468 1684 4275 2881 2098 5552 1315 1325 1611 2771 613 3254 1273 3772 3556 1410 1189 3483 3782 2282 3362 4384 960 2865 
5866 5174 5204 4668 1611 5258 1922 3203 0 4208 4178 3819 4943 1459 3940 1103 4270 4612 4165 4585 4217 3147 3228 3776 2497 4641 2951 3336 4306 1394 1087 4576 3710 1786 1977 2982 2175 5611 4153 2045 3210 2707 3816 3845 1987 2424 3657 1846 3036 4048 4348 2369 313 4409 3137 5048 
5504 4812 4094 4474 5700 4527 6341 4949 4208 0 2330 1201 929 4421 3026 3887 4290 4610 2385 1898 4377 2797 2603 4204 2761 2181 3230 3103 791 2898 4914 2789 516 4407 6022 2416 2968 1434 4922 4261 3776 2222 4945 2394 4115 1980 1757 4171 4032 2501 2232 2954 3977 1092 4159 4256 
3494 2802 2066 2515 4994 2460 5635 3645 4178 2330 0 1580 1636 5054 1099 4543 2530 2711 3697 912 2626 1198 1000 2499 1742 628 1685 1398 1783 3500 5171 859 1953 3658 5772 1307 2077 2078 3347 3510 2142 1786 3514 423 3364 2930 907 3419 2634 172 354 1932 4230 1351 2761 2190 
4452 3760 3211 3382 4636 3558 5276 3882 3819 1201 1580 0 1405 3935 1996 3400 3195 3515 2139 1603 3282 1636 1442 3044 1600 1852 2069 1992 1117 2412 4427 2264 732 3343 5413 1255 1903 2073 3761 3197 2616 1157 3785 1365 3051 1493 727 3106 2871 1562 1861 1802 3491 871 2998 3295 
4903 4210 3400 3924 5759 3833 6399 4918 4943 929 1636 1405 0 4986 2658 4451 4018 4191 2949 897 4123 2571 2376 3996 2636 1487 3058 2848 483 3463 5478 2095 1080 4464 6536 2251 2978 850 4796 4318 3619 2274 4820 2026 4172 2544 1503 4228 3907 1808 1539 2837 4542 568 4034 3562 
6742 6050 6080 5543 2654 6133 2951 4457 1459 4421 5054 3935 4986 0 4816 767 5146 5496 3442 5461 5076 4023 4104 4652 3372 5517 3827 4212 4519 1737 1412 5451 3923 3039 2988 3858 3050 5641 5155 3298 4163 3582 5113 4721 3241 2637 4532 3099 4200 4924 5223 3244 1241 4624 4326 5924 
2595 1903 1318 1637 4758 1660 5399 2798 3940 3026 1099 1996 2658 4816 0 4306 1557 1803 4099 1964 1661 978 1050 1603 1530 1478 1094 695 2668 3262 4933 945 2557 3108 5536 1480 1766 3176 2448 2841 1365 1876 2618 704 2695 3177 1323 2750 1834 937 1217 1633 3993 2334 2027 1398 
6232 5540 5569 5033 2497 5623 2808 3946 1103 3887 4543 3400 4451 767 4306 0 4636 4985 3494 4950 4565 3513 3593 4142 2862 5007 3316 3702 3984 1210 1477 4941 3389 2529 2863 3348 2540 5107 4644 2788 3652 3072 4602 4211 2730 2103 4022 2589 3689 4414 4713 2734 818 4090 3816 5414 
1720 1028 1375 526 4633 1207 5274 1878 4270 4306 2530 3195 4018 5146 1557 4636 0 403 5230 3294 149 1674 1820 549 2008 2796 1360 1265 3980 3592 5263 2254 3837 2968 5411 2071 2123 4460 1132 2701 1177 2460 1604 2134 2555 3835 2574 2611 1404 2368 2586 2021 4323 3647 1473 1135 
1340 639 1175 327 4915 1008 5556 2086 4612 4626 2711 3515 4191 5496 1803 4985 403 0 5551 3467 437 1999 2145 865 2332 2970 1752 1589 4301 3942 5605 2428 4158 3251 5693 2395 2438 4633 984 2984 1492 2785 1576 2405 2838 4159 2894 2893 1686 2549 2762 2346 4673 3906 1734 935 
6498 5805 5329 5417 5559 5675 5870 5691 4165 2385 3697 2139 2949 3442 4099 3494 5230 5551 0 3395 5318 3672 3477 5078 3585 3677 4104 4027 2483 3503 4444 4285 1887 5149 5925 3291 3709 3605 5795 5002 4650 2963 5819 3482 4856 2585 2845 4912 4906 3680 3729 3695 3880 2588 5033 5413 
4179 3487 2676 3200 5401 3109 6042 4484 4585 1850 912 1603 897 5461 1964 4950 3294 3467 3347 0 3405 2021 1826 3399 2202 764 2508 2289 1034 3907 5578 1371 1473 4065 6179 1702 2544 1307 4248 3902 3042 2116 4386 1335 3756 2942 1202 3811 3473 1084 815 2403 4638 872 3600 2839 
1756 1064 1411 562 4520 1243 5161 1765 4217 4393 2626 3282 4129 5076 1661 4565 149 437 5318 3405 0 1761 1907 445 2030 2908 1409 1352 4067 3522 5210 2366 3924 2856 5298 2158 2055 4571 1095 2589 1072 2547 1492 2226 2443 3949 2661 2498 1291 2463 2690 1992 4252 3734 1360 1171 
3054 2362 2284 1963 3964 2356 4604 2578 3147 2797 1198 1636 2571 4023 978 3513 1674 1999 3672 2021 1761 0 218 1593 722 1664 487 502 2472 2469 4140 1614 2328 2608 4741 535 973 3089 2413 2341 1165 925 2480 832 2195 2299 1093 2250 1567 1035 1334 835 3200 2138 1693 2147 
3156 2464 2355 2065 4044 2458 4685 2789 3228 2603 1000 1442 2376 4104 1050 3593 1820 2145 3477 1826 1907 218 0 1748 792 1499 705 604 2277 2550 4221 1527 2134 2708 4822 449 1126 2894 2568 2552 1320 886 2691 667 2406 2235 898 2462 1778 870 1170 982 3280 1944 1905 2249 
2184 1492 1884 990 4115 1671 4755 1521 3776 4204 2499 3044 4007 4652 1603 4142 549 865 5078 3399 445 1593 1748 0 1607 2951 1129 1229 3879 3098 4769 2409 3736 2450 4892 1864 1632 4525 851 2183 647 2184 1248 2099 2037 3526 2534 2092 923 2337 2636 1568 3829 3546 1093 1675 
3587 2895 2835 2387 3313 2889 3954 2396 2497 2761 1742 1600 2636 3372 1530 2862 2008 2332 3585 2202 2030 722 792 1607 0 2241 732 1035 2435 1819 3489 2165 2292 1977 4091 599 406 3269 2274 1789 1178 662 2298 1410 1643 1983 1274 1698 1385 1613 1912 201 2549 2102 1512 2680 
3681 2989 2160 2702 5457 2612 6098 4112 4641 2181 628 1844 1487 5517 1478 5007 2796 2970 3677 764 2908 1664 1499 2951 2241 0 2151 1864 1635 3963 5634 814 1804 4121 6235 1745 2572 1930 3756 3958 2608 2172 3981 890 3812 3277 1259 3867 3101 629 410 2431 4694 1202 3227 2341 
2987 2295 2357 1789 3795 2380 4435 2114 2951 3230 1685 2069 3058 3827 1094 3316 1360 1752 4104 2508 1409 487 705 1129 732 2151 0 457 2904 2273 3944 1899 2761 2144 4572 848 803 3576 1949 1877 702 1238 2016 1320 1731 2612 1580 1787 1103 1522 1822 738 3004 2571 1230 2203 
2709 2017 1957 1554 4088 2011 4729 2271 3336 3103 1398 1992 2848 4212 695 3702 1265 1589 4027 2289 1352 502 604 1229 1035 1864 457 0 2777 2658 4329 1499 2634 2438 4866 992 1162 3366 2049 2171 801 1382 2173 1007 2025 2756 1370 2080 1260 1235 1535 1069 3389 2444 1387 1802 
5041 4349 3539 4062 5558 3972 6199 4718 4306 791 1775 1117 483 4519 2668 3984 3964 4285 2483 1034 4052 2472 2277 3879 2435 1626 2904 2777 0 2996 5011 2234 614 4264 6336 2091 2777 1122 4596 4118 3451 2074 4620 2037 3972 2078 1432 4027 3707 1947 1678 2637 4075 459 3833 3701 
5188 4496 4526 3990 2710 4580 3222 3201 1394 2898 3500 2412 3463 1737 3262 1210 3592 3942 3503 3907 3522 2469 2550 3098 1819 3963 2273 2658 2996 0 2229 3898 2400 2253 3277 2304 1497 4119 3601 2513 2609 2029 3559 3168 2367 1114 2979 2422 2646 3370 3670 1691 1292 3102 2773 4371 
6859 6167 6197 5665 1803 6250 1860 4117 1087 4914 5171 4427 5478 1410 4933 1474 5244 5526 4441 5578 5131 4140 4221 4726 3489 5634 3944 4329 5011 2229 0 5568 4416 2700 1897 3975 3167 6134 5067 2959 4124 3699 4730 4838 2901 3130 4650 2760 3950 5041 5340 3361 1038 5117 4052 6041 
2988 2296 1419 2009 5392 1918 6032 3657 4576 2789 859 2264 2095 5451 945 4941 2254 2428 4285 1371 2366 1614 1527 2409 2165 814 1899 1499 2242 3898 5568 0 2412 3912 6169 1926 2401 2538 3214 3645 2235 2364 3477 926 3499 3593 1591 3554 2698 804 666 2268 4628 1810 2862 1648 
5036 4344 3717 4005 5219 4119 5859 4468 3710 516 1953 732 1080 3923 2557 3389 3821 4142 1887 1521 3908 2328 2134 3736 2292 1804 2761 2634 614 2400 4416 2412 0 3926 5524 1948 2486 1736 4453 3780 3308 1740 4477 1926 3634 1482 1288 3689 3564 2123 1855 2472 3479 715 3690 3856 
