Number of Customers
50
Number of Robot stations
5
Number of Trucks
3
Number of Robots per station
3
Truck Capacity [kg]
600
Number of no-fly zones
10
Nodes in no-flying zones
35	41	13	40	8	1	18	1	4	2	
Drone speed [m/s]
8.33
Drone battery [J]
600000
Maximum robot driving time [s]
3600
Pacel weight [node] [kg]
0	0
1	1.26278
2	1.31863
3	1.89101
4	3.10193
5	3.54686
6	1.55133
7	0.378911
8	3.07365
9	0.127154
10	2.13459
11	3.77667
12	4.11868
13	0.455391
14	0.692802
15	3.83788
16	1.35883
17	3.91361
18	2.71389
19	2.01314
20	4.48388
21	1.81458
22	0.412266
23	2.92863
24	1.04495
25	1.71149
26	2.24398
27	0.117507
28	4.10658
29	4.41706
30	2.08428
31	2.08943
32	4.32761
33	3.61801
34	2.59749
35	4.3547
36	0.363458
37	1.35212
38	3.67676
39	0.549516
40	4.9233
41	3.22302
42	4.21141
43	3.55506
44	1.90053
45	2.92706
46	2.07932
47	2.03664
48	1.00188
49	4.91366
50	1.48747
51	0
52	0
53	0
54	0
55	0
Node	latitud	longitud	t-start [s]	t-stop[s]	address
Depot
0	19.9633	1.99206	0	28800	address
Customers
1	13.4741	19.6892	2858	13658	address
2	1.64698	19.5111	17368	28168	address
3	17.3422	2.12403	5762	16562	address
4	4.50596	19.4317	15116	25916	address
5	9.61375	3.77956	10431	21231	address
6	14.5054	13.5742	9285	20085	address
7	8.39746	5.3411	2751	13551	address
8	10.026	18.727	15602	26402	address
9	6.04754	8.61807	16216	27016	address
10	10.6325	9.11181	1182	11982	address
11	2.73873	2.22009	17844	28644	address
12	9.06475	16.4032	1184	11984	address
13	1.06935	16.476	1270	12070	address
14	3.30484	10.3634	7737	18537	address
15	15.3873	3.92743	7595	18395	address
16	6.52733	9.81193	16992	27792	address
17	13.0151	6.67224	17879	28679	address
18	8.79268	13.7529	3389	14189	address
19	15.9366	0.073655	13707	24507	address
20	16.4071	13.0413	11233	22033	address
21	13.7073	4.84064	6511	17311	address
22	12.6493	1.45671	6109	16909	address
23	19.5818	8.7759	286	11086	address
24	8.05648	19.3577	15188	25988	address
25	18.2452	11.6239	7319	18119	address
26	16.3786	7.23714	7839	18639	address
27	16.1229	19.0238	5241	16041	address
28	10.0982	12.884	5798	16598	address
29	19.7181	1.02028	16274	27074	address
30	4.58151	7.05478	17453	28253	address
31	15.4059	7.52257	15974	26774	address
32	4.70969	12.6263	17196	27996	address
33	16.3039	0.400075	13656	24456	address
34	7.51553	17.8324	15729	26529	address
35	19.3522	4.5339	10240	21040	address
36	14.9466	9.21501	2955	13755	address
37	2.87885	18.7791	4618	15418	address
38	1.36249	7.89462	8707	19507	address
39	0.360172	6.20718	7308	18108	address
40	11.9031	12.9382	12775	23575	address
41	8.9189	13.57	15239	26039	address
42	3.08183	18.0594	5474	16274	address
43	14.8933	16.3978	14545	25345	address
44	12.255	11.1892	3492	14292	address
45	17.1479	12.6936	6129	16929	address
46	9.63443	15.582	5510	16310	address
47	7.89729	7.13209	58	10858	address
48	18.6392	18.1736	951	11751	address
49	5.6017	0.645641	8358	19158	address
50	17.722	6.77941	15819	26619	address
Robot stations
50	12.5451	9.37097	0	28800	address
51	3.24221	16.0532	0	28800	address
52	2.47078	16.1214	0	28800	address
53	9.38011	4.88099	0	28800	address
54	2.92231	0.745799	0	28800	address
Truck driving time matrix [s]
0	3482.82	5160.29	396.437	4737.16	1747.73	2453.77	2147.74	3840.79	2958.01	2368.87	2513.17	3644.6	4806.42	3604.29	937.632	3060.84	1674.49	3302.13	856.089	2103.17	1311.05	1130.3	1031.8	4215.23	1634.38	1271.49	3005.57	2989.02	175.239	2944.01	1452.66	3727.85	756.198	4073.49	454.021	1762.51	4877.49	3528.48	3429.82	2736.9	3257.62	4744.62	2804.5	2434.38	1946.44	3444.3	2477.67	2520.81	2261.95	1012.12	2130.79	4432.64	4553.55	1939.98	2633.36	
3482.82	0	1728.76	3086.38	1328.5	2846.88	1029.05	2797.16	635.081	2663.67	1932.33	4061.45	1108.13	2248.98	2807.28	2545.19	2422.66	1940.54	1528.95	3179.23	1379.65	2171.77	2744.25	2451.02	827.875	1848.44	2211.33	477.248	1466.07	3587.45	3099.89	2030.16	2279.13	3185.11	1125.41	3028.8	1720.31	1656.78	3442.49	3829.82	1198.37	1537.11	1731.18	678.317	1399.55	1536.38	1144.35	2611.29	962.011	3875.9	2470.7	1619.61	1996.98	2098.24	2721.92	4247.31	
5160.29	1728.76	0	4763.85	423.129	3412.55	2706.51	3012.55	1319.5	2202.27	2791.41	2647.11	1515.69	520.227	1555.99	4222.65	2099.45	3485.8	1858.15	4856.7	3057.11	3849.24	4184.16	4128.48	945.056	3525.91	3888.8	2154.71	2171.27	5264.92	2216.28	3707.62	1432.43	4862.58	1086.8	4706.26	3397.77	282.8	1713.74	2101.06	2423.39	1902.66	415.665	2355.78	2725.91	3213.84	1715.98	2682.62	2639.48	3286.1	4148.16	3029.5	727.648	606.74	3220.3	2885.85	
396.437	3086.38	4763.85	0	4340.72	1351.29	2057.33	1751.3	3444.35	2561.57	1972.44	2116.73	3248.16	4409.98	3207.86	541.195	2664.4	1278.05	2905.69	497.659	1706.73	914.613	771.874	1280.38	3818.79	1498.01	875.05	2609.14	2592.58	501.071	2547.57	1056.23	3331.42	397.768	3677.05	636.457	1366.08	4481.05	3132.05	3033.39	2340.46	2861.18	4348.18	2408.07	2037.94	1550	3047.86	2081.23	2497.89	1903.52	725.062	1734.35	4036.2	4157.11	1543.55	2274.93	
4737.16	1328.5	423.129	4340.72	0	2989.42	2283.38	2589.42	896.367	1779.14	2368.28	2732.95	1092.56	920.484	1478.79	3799.52	1676.32	3062.67	1435.03	4433.57	2633.99	3426.11	3761.03	3705.35	521.927	3102.78	3465.67	1731.58	1748.14	4841.79	1793.15	3284.49	1009.3	4439.45	663.668	4283.13	2974.64	328.279	2113.99	2501.32	2000.26	1479.54	402.688	1932.65	2302.78	2790.71	1292.86	2259.49	2216.35	2862.97	3725.03	2606.37	668.481	769.745	2797.17	2918.81	
1747.73	2846.88	3412.55	1351.29	2989.42	0	2114.83	400.008	2211.8	1210.28	914.547	1214.57	1896.86	3058.68	1856.56	852.686	1313.11	906.338	1554.4	1444.14	2311.93	742.273	771.607	2154.88	2467.5	2372.51	1472.03	3132.49	1380.81	1852.37	1196.27	1373.06	1980.12	1450.02	2325.76	1510.96	1550.63	3129.75	1780.75	1682.09	1648.51	1509.89	2996.89	2577.29	1447.33	2368.55	1702.53	729.935	3372.39	1029.02	1599.56	1227.27	2684.91	2805.81	192.25	1400.43	
2453.77	1029.05	2706.51	2057.33	2283.38	2114.83	0	2065.11	1387.02	1931.62	1200.28	3329.39	1190.82	2352.64	2075.23	1516.14	1690.61	1208.49	848.359	2150.18	350.601	1372.55	2012.2	1421.97	1761.46	819.393	1182.28	1017.66	734.022	2558.41	2367.84	1001.11	1547.07	2156.06	1619.72	1999.75	691.259	2423.71	2710.44	3097.77	466.317	805.056	2290.85	462.459	667.497	507.33	990.529	1879.23	1257.57	3143.85	1441.65	887.554	1978.87	2099.77	1989.87	3515.26	
2147.74	2797.16	3012.55	1751.3	2589.42	400.008	2065.11	0	2162.08	810.272	864.83	1264.28	1689.03	2658.68	1456.55	1210.11	913.098	856.621	1268.21	1844.15	2262.22	836.69	1171.62	2105.16	2067.49	2322.8	1422.31	3082.77	1331.09	2252.37	796.266	1323.34	1580.11	1850.03	1925.75	1693.72	1500.91	2729.75	1380.74	1282.08	1598.79	1260.05	2596.88	2527.57	1397.61	2318.83	1652.81	329.927	3322.68	1078.74	1549.85	1177.56	2284.9	2405.81	207.758	1450.15	
3840.79	635.081	1319.5	3444.35	896.367	2211.8	1387.02	2162.08	0	2028.59	1471.92	3426.37	473.047	1613.9	2172.2	2903.16	1787.58	2166.3	893.869	3537.2	1737.62	2529.74	2864.67	2808.99	374.44	2206.41	2569.3	920.69	851.773	3945.42	2464.81	2388.13	1644.05	3543.08	490.33	3386.77	2078.28	1036.7	2807.41	3194.74	1103.89	902.026	1096.1	1036.29	1406.41	1894.35	509.272	1976.2	1319.98	3240.82	2828.67	1710	1361.9	1463.16	2086.84	3612.23	
2958.01	2663.67	2202.27	2561.57	1779.14	1210.28	1931.62	810.272	2028.59	0	731.335	1397.78	1555.54	1848.4	646.281	2020.38	241.004	1283.52	1134.72	2654.42	2128.72	1646.96	1981.89	1971.67	1835.79	2189.3	1686.52	2949.28	1197.59	3062.65	436.223	1505.35	769.842	2660.3	1538.26	2503.99	1367.42	1919.47	778.825	1166.15	1465.3	1126.56	1786.61	2394.07	1264.12	2185.33	1519.31	480.345	3189.18	1212.23	1945.89	1044.06	1474.63	1595.53	1018.03	1583.64	
2368.87	1932.33	2791.41	1972.44	2368.28	914.547	1200.28	864.83	1471.92	731.335	0	2129.11	1275.72	2437.54	1235.42	1431.24	691.965	694.385	933.258	2065.28	1397.39	1057.82	1392.75	1337.07	1846.36	1457.97	1097.39	2217.94	620.144	2473.51	1167.56	916.21	1358.98	2071.17	1704.62	1914.85	636.082	2508.61	1510.16	1897.48	733.964	888.749	2375.75	1662.74	532.784	1454	1075.43	678.953	2457.85	1943.57	1356.75	312.727	2063.76	2184.67	789.584	2314.98	
2513.17	4061.45	2647.11	2116.73	2732.95	1214.57	3329.39	1264.28	3426.37	1397.78	2129.11	0	2953.32	2293.24	1254.16	2067.25	1638.78	2120.9	2532.5	2209.58	3526.5	1956.84	1537.05	3369.44	3233.57	3587.08	2686.6	4347.05	2595.37	2617.81	961.556	2587.63	1782.32	2215.46	2936.03	2725.53	2765.2	2404.67	1015.31	916.653	2863.08	2524.34	2330.26	3791.85	2661.9	3583.11	2917.09	1450.16	4586.96	638.988	2814.13	2441.84	2064.47	2040.37	1339.53	238.733	
3644.6	1108.13	1515.69	3248.16	1092.56	1896.86	1190.82	1689.03	473.047	1555.54	1275.72	2953.32	0	1161.82	1699.16	2706.96	1314.53	1970.11	420.822	3341.01	1541.42	2333.55	2668.47	2612.79	570.633	2010.22	2373.11	1393.74	655.58	3749.23	1991.76	2191.93	1171	3346.89	428.892	3190.57	1882.08	1232.89	2334.36	2721.69	907.696	428.979	1100.02	840.092	1210.22	1698.15	200.295	1503.16	1633.64	2767.77	2632.47	1513.81	888.851	990.114	1704.61	3139.18	
4806.42	2248.98	520.227	4409.98	920.484	3058.68	2352.64	2658.68	1613.9	1848.4	2437.54	2293.24	1161.82	0	1202.12	3868.78	1745.58	3131.93	1504.29	4502.83	2703.24	3495.37	3830.29	3774.61	1421.11	3172.04	3534.93	2534.59	1817.4	4911.05	1862.41	3353.75	1078.56	4508.71	1123.57	4352.39	3043.9	592.205	1277.93	1580.84	2069.52	1548.79	517.797	2001.91	2372.04	2859.97	1362.11	2328.75	2774.5	2932.23	3794.29	2675.63	373.779	252.87	2866.43	2531.98	
3604.29	2807.28	1555.99	3207.86	1478.79	1856.56	2075.23	1456.55	2172.2	646.281	1235.42	1254.16	1699.16	1202.12	0	2666.66	543.456	1929.81	1278.33	3300.7	2272.34	2293.24	2628.17	2572.49	1979.41	2332.92	2332.81	3092.89	1341.21	3708.93	660.287	2151.63	528.157	3306.59	1681.87	3150.27	1841.78	1273.19	635.209	1022.53	1608.92	1270.18	1140.33	2537.69	1407.74	2328.95	1662.93	1126.63	3332.8	1730.11	2592.17	1473.51	828.344	949.252	1664.31	1440.02	
937.632	2545.19	4222.65	541.195	3799.52	852.686	1516.14	1210.11	2903.16	2020.38	1431.24	2067.25	2706.96	3868.78	2666.66	0	2123.21	736.856	2364.5	634.043	1459.25	373.418	750.058	1302.19	3277.6	1519.83	619.343	2279.8	2051.38	1042.27	2006.37	520.372	2790.22	639.925	3135.86	658.273	824.881	3939.85	2590.85	2492.19	1799.27	2319.99	3806.99	1866.87	1496.74	1515.86	2506.67	1540.04	2519.71	1881.71	746.878	1193.15	3495.01	3615.91	1002.35	2253.11	
3060.84	2422.66	2099.45	2664.4	1676.32	1313.11	1690.61	913.098	1787.58	241.004	691.965	1638.78	1314.53	1745.58	543.456	2123.21	0	1386.35	893.713	2757.25	1887.72	1749.79	2084.71	2029.04	1594.79	1948.3	1789.35	2708.27	956.59	3165.47	677.227	1608.18	667.017	2763.13	1297.25	2606.82	1298.33	1816.65	1019.83	1407.15	1224.3	885.556	1683.78	2153.07	1023.11	1944.33	1278.31	583.17	2948.18	1453.24	2048.71	930.052	1371.8	1492.71	1120.86	1824.64	
1674.49	1940.54	3485.8	1278.05	3062.67	906.338	1208.49	856.621	2166.3	1283.52	694.385	2120.9	1970.11	3131.93	1929.81	736.856	1386.35	0	1627.64	1370.9	1405.6	363.438	803.71	1248.54	2540.74	1466.17	565.691	2226.15	1314.53	1779.12	1269.52	466.72	2053.37	1376.78	2399	1220.47	644.291	3203	1854	1889.28	1062.41	1583.13	3070.13	1670.95	759.889	1462.21	1769.81	803.18	2466.06	1935.36	693.227	456.298	2758.15	2879.06	781.375	2306.77	
3302.13	1528.95	1858.15	2905.69	1435.03	1554.4	848.359	1268.21	893.869	1134.72	933.258	2532.5	420.822	1504.29	1278.33	2364.5	893.713	1627.64	0	2998.54	1198.96	1991.08	2326.01	2270.33	913.099	1667.75	2030.64	1814.56	313.114	3406.76	1570.94	1849.47	750.177	3004.42	771.358	2848.11	1539.62	1575.35	1913.54	2300.87	565.231	44.5093	1442.49	1259.36	867.755	1355.69	384.596	1082.34	2054.47	2346.95	2290.01	1171.34	1130.51	1251.41	1362.15	2718.36	
856.089	3179.23	4856.7	497.659	4433.57	1444.14	2150.18	1844.15	3537.2	2654.42	2065.28	2209.58	3341.01	4502.83	3300.7	634.043	2757.25	1370.9	2998.54	0	1935.09	1007.46	672.536	1778.03	3911.64	1995.67	1095.19	2755.64	2685.43	680.85	2640.42	1149.07	3424.27	99.8905	3769.9	1134.12	1458.92	4573.9	3224.89	3126.24	2433.31	2954.03	4441.03	2500.92	2130.79	1991.7	3140.71	2174.08	2995.55	1570.59	1222.72	1827.2	4129.05	4249.96	1636.39	1970.85	
2103.17	1379.65	3057.11	1706.73	2633.99	2311.93	350.601	2262.22	1737.62	2128.72	1397.39	3526.5	1541.42	2703.24	2272.34	1459.25	1887.72	1405.6	1198.96	1935.09	0	1569.66	2209.31	1071.37	2112.06	468.793	839.905	902.402	931.128	2207.81	2564.95	938.876	1744.18	1835.2	1970.32	1649.15	761.305	2774.31	2907.55	3294.87	663.423	1154.45	2641.45	701.333	864.603	156.729	1341.13	2076.34	1060.46	3340.95	1091.05	1084.66	2329.47	2450.37	2186.97	3712.36	
1311.05	2171.77	3849.24	914.613	3426.11	742.273	1372.55	836.69	2529.74	1646.96	1057.82	1956.84	2333.55	3495.37	2293.24	373.418	1749.79	363.438	1991.08	1007.46	1569.66	0	639.645	1412.6	2904.18	1630.24	729.756	2390.21	1677.97	1415.68	1632.96	630.785	2416.8	1013.34	2762.44	857.028	808.356	3566.44	2217.43	2118.77	1425.85	1946.57	3433.57	1835.01	1123.33	1626.27	2133.25	1166.62	2630.12	1771.29	857.291	819.736	3121.59	3242.5	628.933	2142.7	
1130.3	2744.25	4184.16	771.874	3761.03	771.607	2012.2	1171.62	2864.67	1981.89	1392.75	1537.05	2668.47	3830.29	2628.17	750.058	2084.71	803.71	2326.01	672.536	2209.31	639.645	0	2052.25	3239.1	2269.88	1369.4	3029.86	2012.89	1080.76	1967.88	1270.43	2751.73	678.417	3097.36	1408.33	1448	3901.36	2552.36	2453.7	1760.78	2281.5	3768.5	2474.66	1458.25	2265.92	2468.18	1501.54	3269.77	1131.65	1496.94	1154.66	3456.51	3577.42	963.858	1503.06	
1031.8	2451.02	4128.48	1280.38	3705.35	2154.88	1421.97	2105.16	2808.99	1971.67	1337.07	3369.44	2612.79	3774.61	2572.49	1302.19	2029.04	1248.54	2270.33	1778.03	1071.37	1412.6	2052.25	0	3183.43	602.577	682.849	1973.77	1957.21	1136.44	2407.89	781.819	2696.05	1678.14	3041.69	643.918	730.711	3845.68	2750.49	3137.82	1705.1	2225.82	3712.82	1772.7	1402.57	914.64	2412.5	1919.28	1489.01	3183.9	555.313	1098.98	3400.84	3521.74	2029.92	3555.31	
4215.23	827.875	945.056	3818.79	521.927	2467.5	1761.46	2067.49	374.44	1835.79	1846.36	3233.57	570.633	1421.11	1979.41	3277.6	1594.79	2540.74	913.099	3911.64	2112.06	2904.18	3239.1	3183.43	0	2580.85	2943.74	1209.66	1226.21	4319.86	2272.02	2762.57	1451.25	3917.52	297.536	3761.21	2452.72	828.902	2614.62	3001.94	1478.33	957.608	903.31	1410.72	1780.85	2268.79	770.928	1783.41	1694.42	3048.02	3203.1	2084.44	1169.1	1270.37	2275.25	3419.43	
1634.38	1848.44	3525.91	1498.01	3102.78	2372.51	819.393	2322.8	2206.41	2189.3	1457.97	3587.08	2010.22	3172.04	2332.92	1519.83	1948.3	1466.17	1667.75	1995.67	468.793	1630.24	2269.88	602.577	2580.85	0	900.484	1371.19	1354.64	1739.01	2625.52	999.454	2093.48	1895.78	2439.11	1180.36	821.883	3243.11	2968.13	3355.45	1102.52	1623.24	3110.24	1170.13	925.182	312.064	1809.92	2136.92	999.882	3401.53	772.948	1145.24	2798.26	2919.17	2247.55	3772.94	
1271.49	2211.33	3888.8	875.05	3465.67	1472.03	1182.28	1422.31	2569.3	1686.52	1097.39	2686.6	2373.11	3534.93	2332.81	619.343	1789.35	565.691	2030.64	1095.19	839.905	729.756	1369.4	682.849	2943.74	900.484	0	1734.09	1717.53	1376.12	1725.04	181.175	2456.37	995.295	2802	817.466	491.025	3606	2257	2454.97	1465.41	1986.13	3473.13	1533.02	1162.89	896.518	2172.81	1236.43	1900.37	2501.05	259.363	859.298	3161.15	3282.06	1347.07	2872.46	
3005.57	477.248	2154.71	2609.14	1731.58	3132.49	1017.66	3082.77	920.69	2949.28	2217.94	4347.05	1393.74	2534.59	3092.89	2279.8	2708.27	2226.15	1814.56	2755.64	902.402	2390.21	3029.86	1973.77	1209.66	1371.19	1734.09	0	1751.68	3110.21	3385.5	1759.43	2564.73	2707.87	1411.02	2551.55	1581.86	1942.39	3728.1	4115.43	1483.98	1822.72	2016.79	555.201	1685.16	1059.13	1429.96	2896.89	484.763	4161.51	1993.45	1905.21	2282.59	2383.85	3007.53	4532.92	
2989.02	1466.07	2171.27	2592.58	1748.14	1380.81	734.022	1331.09	851.773	1197.59	620.144	2595.37	655.58	1817.4	1341.21	2051.38	956.59	1314.53	313.114	2685.43	931.128	1677.97	2012.89	1957.21	1226.21	1354.64	1717.53	1751.68	0	3093.65	1633.82	1536.35	813.053	2691.31	1084.47	2534.99	1226.5	1888.47	1976.42	2363.74	267.705	268.605	1755.6	1196.48	554.64	1042.57	455.285	1145.21	1991.59	2409.83	1976.89	858.23	1443.62	1564.53	1255.84	2781.23	
175.239	3587.45	5264.92	501.071	4841.79	1852.37	2558.41	2252.37	3945.42	3062.65	2473.51	2617.81	3749.23	4911.05	3708.93	1042.27	3165.47	1779.12	3406.76	680.85	2207.81	1415.68	1080.76	1136.44	4319.86	1739.01	1376.12	3110.21	3093.65	0	3048.64	1557.3	3832.49	580.96	4178.12	558.656	1867.15	4982.12	3633.12	3534.46	2841.53	3362.26	4849.25	2909.14	2539.01	2051.08	3548.94	2582.3	2625.44	2086.71	1116.76	2235.42	4537.27	4658.18	2044.62	2458.12	
2944.01	3099.89	2216.28	2547.57	1793.15	1196.27	2367.84	796.266	2464.81	436.223	1167.56	961.556	1991.76	1862.41	660.287	2006.37	677.227	1269.52	1570.94	2640.42	2564.95	1632.96	1967.88	2407.89	2272.02	2625.52	1725.04	3385.5	1633.82	3048.64	0	1626.07	820.764	2646.3	1974.48	2489.98	1803.64	1933.48	584.477	729.927	1901.52	1562.78	1800.61	2830.3	1700.34	2621.56	1955.54	488.605	3625.41	1069.82	1931.88	1480.28	1488.63	1609.54	1004.02	1147.42	
1452.66	2030.16	3707.62	1056.23	3284.49	1373.06	1001.11	1323.34	2388.13	1505.35	916.21	2587.63	2191.93	3353.75	2151.63	520.372	1608.18	466.72	1849.47	1149.07	938.876	630.785	1270.43	781.819	2762.57	999.454	181.175	1759.43	1536.35	1557.3	1626.07	0	2275.19	1154.96	2620.83	998.641	309.85	3424.82	2075.82	2356	1284.24	1804.96	3291.96	1351.84	981.714	995.489	1991.64	1137.46	1999.34	2402.08	440.538	678.124	2979.97	3100.88	1248.1	2773.49	
3727.85	2279.13	1432.43	3331.42	1009.3	1980.12	1547.07	1580.11	1644.05	769.842	1358.98	1782.32	1171	1078.56	528.157	2790.22	667.017	2053.37	750.177	3424.27	1744.18	2416.8	2751.73	2696.05	1451.25	2093.48	2456.37	2564.73	813.053	3832.49	820.764	2275.19	0	3430.15	1153.72	3273.83	1965.34	1149.63	1163.37	1550.69	1080.76	742.019	1016.77	2009.53	1293.48	1800.79	1134.77	1250.19	2804.64	1853.67	2715.73	1597.07	704.783	825.691	1787.87	1968.18	
756.198	3185.11	4862.58	397.768	4439.45	1450.02	2156.06	1850.03	3543.08	2660.3	2071.17	2215.46	3346.89	4508.71	3306.59	639.925	2763.13	1376.78	3004.42	99.8905	1835.2	1013.34	678.417	1678.14	3917.52	1895.78	995.295	2707.87	2691.31	580.96	2646.3	1154.96	3430.15	0	3775.78	1034.23	1464.81	4579.78	3230.78	3132.12	2439.19	2959.91	4446.91	2506.8	2136.67	1891.81	3146.59	2179.96	2895.66	1576.48	1122.83	1833.08	4134.93	4255.84	1642.27	1976.73	
4073.49	1125.41	1086.8	3677.05	663.668	2325.76	1619.72	1925.75	490.33	1538.26	1704.62	2936.03	428.892	1123.57	1681.87	3135.86	1297.25	2399	771.358	3769.9	1970.32	2762.44	3097.36	3041.69	297.536	2439.11	2802	1411.02	1084.47	4178.12	1974.48	2620.83	1153.72	3775.78	0	3619.47	2310.98	803.997	2317.08	2704.41	1336.59	815.867	671.132	1268.98	1639.11	2127.05	629.187	1595.82	1650.93	2750.49	3061.36	1942.7	871.567	972.831	2133.51	3121.9	
454.021	3028.8	4706.26	636.457	4283.13	1510.96	1999.75	1693.72	3386.77	2503.99	1914.85	2725.53	3190.57	4352.39	3150.27	658.273	2606.82	1220.47	2848.11	1134.12	1649.15	857.028	1408.33	643.918	3761.21	1180.36	817.466	2551.55	2534.99	558.656	2489.98	998.641	3273.83	1034.23	3619.47	0	1308.49	4423.46	3074.46	2975.8	2282.88	2803.6	4290.6	2350.48	1980.35	1492.42	2990.28	2023.65	2066.79	2539.98	558.103	1676.76	3978.62	4099.52	1485.96	2911.39	
1762.51	1720.31	3397.77	1366.08	2974.64	1550.63	691.259	1500.91	2078.28	1367.42	636.082	2765.2	1882.08	3043.9	1841.78	824.881	1298.33	644.291	1539.62	1458.92	761.305	808.356	1448	730.711	2452.72	821.883	491.025	1581.86	1226.5	1867.15	1803.64	309.85	1965.34	1464.81	2310.98	1308.49	0	3114.97	2146.24	2533.57	974.388	1495.11	2982.11	1041.99	671.864	817.918	1681.79	1315.04	1821.77	2579.65	750.388	368.273	2670.12	2791.03	1425.67	2951.06	
4877.49	1656.78	282.8	4481.05	328.279	3129.75	2423.71	2729.75	1036.7	1919.47	2508.61	2404.67	1232.89	592.205	1273.19	3939.85	1816.65	3203	1575.35	4573.9	2774.31	3566.44	3901.36	3845.68	828.902	3243.11	3606	1942.39	1888.47	4982.12	1933.48	3424.82	1149.63	4579.78	803.997	4423.46	3114.97	0	1785.72	2173.04	2140.59	1619.86	132.865	2072.98	2443.11	2931.04	1433.18	2399.82	2356.68	3003.3	3865.36	2746.7	444.848	441.466	2937.5	2603.05	
3528.48	3442.49	1713.74	3132.05	2113.99	1780.75	2710.44	1380.74	2807.41	778.825	1510.16	1015.31	2334.36	1277.93	635.209	2590.85	1019.83	1854	1913.54	3224.89	2907.55	2217.43	2552.36	2750.49	2614.62	2968.13	2257	3728.1	1976.42	3633.12	584.477	2075.82	1163.37	3230.78	2317.08	3074.46	2146.24	1785.72	0	387.325	2244.12	1905.38	1711.31	3172.9	2042.94	2964.16	2298.14	1050.82	3968.01	1654.3	2516.36	1822.89	1445.51	1344.25	1588.5	1254.05	
3429.82	3829.82	2101.06	3033.39	2501.32	1682.09	3097.77	1282.08	3194.74	1166.15	1897.48	916.653	2721.69	1580.84	1022.53	2492.19	1407.15	1889.28	2300.87	3126.24	3294.87	2118.77	2453.7	3137.82	3001.94	3355.45	2454.97	4115.43	2363.74	3534.46	729.927	2356	1550.69	3132.12	2704.41	2975.8	2533.57	2173.04	387.325	0	2631.45	2292.71	2098.63	3560.22	2430.27	3351.48	2685.46	1218.53	4355.33	1555.64	2582.5	2210.21	1832.84	1731.58	1489.84	1155.39	
2736.9	1198.37	2423.39	2340.46	2000.26	1648.51	466.317	1598.79	1103.89	1465.3	733.964	2863.08	907.696	2069.52	1608.92	1799.27	1224.3	1062.41	565.231	2433.31	663.423	1425.85	1760.78	1705.1	1478.33	1102.52	1465.41	1483.98	267.705	2841.53	1901.52	1284.24	1080.76	2439.19	1336.59	2282.88	974.388	2140.59	2244.12	2631.45	0	520.721	2007.72	928.775	302.524	790.458	707.401	1412.92	1723.88	2677.53	1724.78	606.114	1695.74	1816.65	1523.55	3048.94	
3257.62	1537.11	1902.66	2861.18	1479.54	1509.89	805.056	1260.05	902.026	1126.56	888.749	2524.34	428.979	1548.79	1270.18	2319.99	885.556	1583.13	44.5093	2954.03	1154.45	1946.57	2281.5	2225.82	957.608	1623.24	1986.13	1822.72	268.605	3362.26	1562.78	1804.96	742.019	2959.91	815.867	2803.6	1495.11	1619.86	1905.38	2292.71	520.721	0	1487	1267.51	823.245	1311.18	392.754	1074.18	2062.62	2338.79	2245.5	1126.84	1175.02	1295.92	1317.64	2710.2	
4744.62	1731.18	415.665	4348.18	402.688	2996.89	2290.85	2596.88	1096.1	1786.61	2375.75	2330.26	1100.02	517.797	1140.33	3806.99	1683.78	3070.13	1442.49	4441.03	2641.45	3433.57	3768.5	3712.82	903.31	3110.24	3473.13	2016.79	1755.6	4849.25	1800.61	3291.96	1016.77	4446.91	671.132	4290.6	2982.11	132.865	1711.31	2098.63	2007.72	1487	0	1940.12	2310.24	2798.18	1300.32	2266.95	2256.7	2870.44	3732.5	2613.83	311.983	367.057	2804.64	2516.12	
2804.5	678.317	2355.78	2408.07	1932.65	2577.29	462.459	2527.57	1036.29	2394.07	1662.74	3791.85	840.092	2001.91	2537.69	1866.87	2153.07	1670.95	1259.36	2500.92	701.333	1835.01	2474.66	1772.7	1410.72	1170.13	1533.02	555.201	1196.48	2909.14	2830.3	1351.84	2009.53	2506.8	1268.98	2350.48	1041.99	2072.98	3172.9	3560.22	928.775	1267.51	1940.12	0	1129.96	858.062	874.761	2341.69	795.109	3606.31	1792.38	1350.01	1727.39	1828.65	2452.32	3977.72	
2434.38	1399.55	2725.91	2037.94	2302.78	1447.33	667.497	1397.61	1406.41	1264.12	532.784	2661.9	1210.22	2372.04	1407.74	1496.74	1023.11	759.889	867.755	2130.79	864.603	1123.33	1458.25	1402.57	1780.85	925.182	1162.89	1685.16	554.64	2539.01	1700.34	981.714	1293.48	2136.67	1639.11	1980.35	671.864	2443.11	2042.94	2430.27	302.524	823.245	2310.24	1129.96	0	921.216	1009.92	1211.74	1925.06	2476.35	1422.25	303.59	1998.26	2119.17	1322.37	2847.76	
1946.44	1536.38	3213.84	1550	2790.71	2368.55	507.33	2318.83	1894.35	2185.33	1454	3583.11	1698.15	2859.97	2328.95	1515.86	1944.33	1462.21	1355.69	1991.7	156.729	1626.27	2265.92	914.64	2268.79	312.064	896.518	1059.13	1042.57	2051.08	2621.56	995.489	1800.79	1891.81	2127.05	1492.42	817.918	2931.04	2964.16	3351.48	790.458	1311.18	2798.18	858.062	921.216	0	1497.86	2132.95	1003.85	3397.57	934.318	1141.27	2486.2	2607.1	2243.58	3768.98	
3444.3	1144.35	1715.98	3047.86	1292.86	1702.53	990.529	1652.81	509.272	1519.31	1075.43	2917.09	200.295	1362.11	1662.93	2506.67	1278.31	1769.81	384.596	3140.71	1341.13	2133.25	2468.18	2412.5	770.928	1809.92	2172.81	1429.96	455.285	3548.94	1955.54	1991.64	1134.77	3146.59	629.187	2990.28	1681.79	1433.18	2298.14	2685.46	707.401	392.754	1300.32	874.761	1009.92	1497.86	0	1466.93	1669.87	2731.55	2432.18	1313.52	988.336	1109.24	1577.56	3102.95	
2477.67	2611.29	2682.62	2081.23	2259.49	729.935	1879.23	329.927	1976.2	480.345	678.953	1450.16	1503.16	2328.75	1126.63	1540.04	583.17	803.18	1082.34	2174.08	2076.34	1166.62	1501.54	1919.28	1783.41	2136.92	1236.43	2896.89	1145.21	2582.3	488.605	1137.46	1250.19	2179.96	1595.82	2023.65	1315.04	2399.82	1050.82	1218.53	1412.92	1074.18	2266.95	2341.69	1211.74	2132.95	1466.93	0	3136.8	1264.61	1465.54	991.68	1954.97	2075.88	537.685	1636.02	
2520.81	962.011	2639.48	2497.89	2216.35	3372.39	1257.57	3322.68	1319.98	3189.18	2457.85	4586.96	1633.64	2774.5	3332.8	2519.71	2948.18	2466.06	2054.47	2995.55	1060.46	2630.12	3269.77	1489.01	1694.42	999.882	1900.37	484.763	1991.59	2625.44	3625.41	1999.34	2804.64	2895.66	1650.93	2066.79	1821.77	2356.68	3968.01	4355.33	1723.88	2062.62	2256.7	795.109	1925.06	1003.85	1669.87	3136.8	0	4401.41	1772.83	2145.12	2522.49	2623.76	3247.43	4772.82	
2261.95	3875.9	3286.1	1903.52	2862.97	1029.02	3143.85	1078.74	3240.82	1212.23	1943.57	638.988	2767.77	2932.23	1730.11	1881.71	1453.24	1935.36	2346.95	1570.59	3340.95	1771.29	1131.65	3183.9	3048.02	3401.53	2501.05	4161.51	2409.83	2086.71	1069.82	2402.08	1853.67	1576.48	2750.49	2539.98	2579.65	3003.3	1654.3	1555.64	2677.53	2338.79	2870.44	3606.31	2476.35	3397.57	2731.55	1264.61	4401.41	0	2628.58	2256.29	2558.45	2679.36	1153.98	400.255	
1012.12	2470.7	4148.16	725.062	3725.03	1599.56	1441.65	1549.85	2828.67	1945.89	1356.75	2814.13	2632.47	3794.29	2592.17	746.878	2048.71	693.227	2290.01	1222.72	1091.05	857.291	1496.94	555.313	3203.1	772.948	259.363	1993.45	1976.89	1116.76	1931.88	440.538	2715.73	1122.83	3061.36	558.103	750.388	3865.36	2516.36	2582.5	1724.78	2245.5	3732.5	1792.38	1422.25	934.318	2432.18	1465.54	1772.83	2628.58	0	1118.66	3420.51	3541.42	1474.6	2999.99	
2130.79	1619.61	3029.5	1734.35	2606.37	1227.27	887.554	1177.56	1710	1044.06	312.727	2441.84	1513.81	2675.63	1473.51	1193.15	930.052	456.298	1171.34	1827.2	1084.66	819.736	1154.66	1098.98	2084.44	1145.24	859.298	1905.21	858.23	2235.42	1480.28	678.124	1597.07	1833.08	1942.7	1676.76	368.273	2746.7	1822.89	2210.21	606.114	1126.84	2613.83	1350.01	303.59	1141.27	1313.52	991.68	2145.12	2256.29	1118.66	0	2301.85	2422.76	1102.31	2627.7	
4432.64	1996.98	727.648	4036.2	668.481	2684.91	1978.87	2284.9	1361.9	1474.63	2063.76	2064.47	888.851	373.779	828.344	3495.01	1371.8	2758.15	1130.51	4129.05	2329.47	3121.59	3456.51	3400.84	1169.1	2798.26	3161.15	2282.59	1443.62	4537.27	1488.63	2979.97	704.783	4134.93	871.567	3978.62	2670.12	444.848	1445.51	1832.84	1695.74	1175.02	311.983	1727.39	1998.26	2486.2	988.336	1954.97	2522.49	2558.45	3420.51	2301.85	0	120.908	2492.66	2250.33	
4553.55	2098.24	606.74	4157.11	769.745	2805.81	2099.77	2405.81	1463.16	1595.53	2184.67	2040.37	990.114	252.87	949.252	3615.91	1492.71	2879.06	1251.41	4249.96	2450.37	3242.5	3577.42	3521.74	1270.37	2919.17	3282.06	2383.85	1564.53	4658.18	1609.54	3100.88	825.691	4255.84	972.831	4099.52	2791.03	441.466	1344.25	1731.58	1816.65	1295.92	367.057	1828.65	2119.17	2607.1	1109.24	2075.88	2623.76	2679.36	3541.42	2422.76	120.908	0	2613.56	2279.11	
1939.98	2721.92	3220.3	1543.55	2797.17	192.25	1989.87	207.758	2086.84	1018.03	789.584	1339.53	1704.61	2866.43	1664.31	1002.35	1120.86	781.375	1362.15	1636.39	2186.97	628.933	963.858	2029.92	2275.25	2247.55	1347.07	3007.53	1255.84	2044.62	1004.02	1248.1	1787.87	1642.27	2133.51	1485.96	1425.67	2937.5	1588.5	1489.84	1523.55	1317.64	2804.64	2452.32	1322.37	2243.58	1577.56	537.685	3247.43	1153.98	1474.6	1102.31	2492.66	2613.56	0	1525.39	
2633.36	4247.31	2885.85	2274.93	2918.81	1400.43	3515.26	1450.15	3612.23	1583.64	2314.98	238.733	3139.18	2531.98	1440.02	2253.11	1824.64	2306.77	2718.36	1970.85	3712.36	2142.7	1503.06	3555.31	3419.43	3772.94	2872.46	4532.92	2781.23	2458.12	1147.42	2773.49	1968.18	1976.73	3121.9	2911.39	2951.06	2603.05	1254.05	1155.39	3048.94	2710.2	2516.12	3977.72	2847.76	3768.98	3102.95	1636.02	4772.82	400.255	2999.99	2627.7	2250.33	2279.11	1525.39	0	
Drone flying time matrix [s]
0	2262.82	3042.7	315.052	2797.58	1260.83	1537.06	1445.49	2336.49	1850.27	1408.99	2067.95	2169.05	2857.96	2238.13	596.448	1866.25	1005.7	1947.22	535.45	1393.44	825.203	880.378	815.673	2527.68	1174.53	762.668	2095.95	1764.15	120.316	1944	860.307	2232.25	479.074	2418.49	313.837	1055.73	2875.35	2342.72	2407.1	1631.87	1920.87	2797.77	1833.36	1440.6	1328.42	2049.17	1574.45	1949.05	1731.64	634.577	1256.08	2622.74	2699.41	1316.97	2051.2	
2262.82	0	1419.99	2159.18	1077.05	1965.34	744.451	1827.1	429.751	1600.4	1314.82	2461.48	660.157	1538.32	1656.42	1906.05	1449.64	1563.63	907.575	2373.29	872.288	1782.76	2191.01	1501.34	651.594	1124.95	1534.97	327.864	911.944	2363.19	1854.76	1478.87	1351.27	2340.4	749.243	1951.41	1269.77	1276.63	2029.5	2257.86	832.099	915.785	1262.82	430.286	1030.85	948.561	674.969	1649.43	646.194	2473.78	1631.53	1243.69	1303.57	1388.63	1844.38	2603.11	
3042.7	1419.99	0	2811.92	343.347	2116.9	1700.21	1884.25	1010.28	1410.36	1649.88	2079.88	965.488	370.892	1116.05	2494.13	1303.45	2058.64	1101.68	2896.14	1934.68	2279.88	2538.13	2509.27	769.668	2206.11	2301.89	1738.79	1289.28	3103.83	1536.29	2190.77	904.59	2891.28	732.762	2783.95	2019.12	172.023	1394.95	1604.56	1462.38	1127.28	245.035	1633.53	1618.58	2032.88	1068.61	1664.76	2046.19	2313.98	2461.72	1787.02	457.157	418.769	1986.57	2257.93	
315.052	2159.18	2811.92	0	2586.82	948.834	1416.13	1141.14	2178.08	1564.05	1162.97	1753.16	1981.38	2604.75	1954	319.289	1592.91	753.634	1732.71	298.428	1315.39	544.762	569.043	842.591	2350.07	1145.58	624.625	2034.05	1557.17	314.499	1642.28	688.512	1972.15	241.596	2224.35	376.719	898.527	2648.08	2039.59	2096.76	1453.17	1706.05	2567.16	1738.58	1247.9	1269.08	1861.81	1283.38	1933	1420.56	560.726	1043.32	2379.35	2451.7	1011.51	1738.97	
2797.58	1077.05	343.347	2586.82	0	1976.52	1391.2	1754.87	668.053	1311.28	1440.75	2077.08	657.026	544.152	1098.13	2273.9	1180.05	1841.11	854.149	2698.79	1621.65	2070.83	2368.97	2216.27	426.325	1897.1	2043.17	1395.45	1033.7	2867.08	1485.85	1938.08	817.331	2688.09	409.134	2524.88	1753.63	210.457	1435.49	1663.76	1181.63	880.8	237.422	1299.08	1358.12	1719.75	769.819	1531.64	1703.37	2259.06	2196.4	1545.99	433.025	466.489	1842.18	2251.24	
1260.83	1965.34	2116.9	948.834	1976.52	0	1314.31	237.616	1795.09	721.578	651.705	846.299	1516.88	1837.19	1094.68	693.332	813.457	536.02	1201.33	879.817	1378.88	507.668	458.862	1338.55	1879.44	1400.17	912.033	1989.88	1094.52	1257.42	720.794	827.885	1214.3	899.79	1705.72	1172.58	914.124	1973.85	1106.9	1148.47	1133.3	1178.29	1885.09	1642.05	944.336	1401.14	1416.86	452.148	2039.56	611.161	1037.86	757.888	1660.13	1711.87	135.167	881.998	
1537.06	744.451	1700.21	1416.13	1391.2	1314.31	0	1230.66	819.631	1176.83	709.323	1962.96	736.155	1650.16	1398.76	1162.91	1058.9	847.666	686.134	1629.8	237.099	1052.82	1471.65	838.572	1039.9	506.348	793.296	682.415	535.521	1631.83	1425.42	734.489	1181.45	1596.2	982.563	1231.41	525.99	1529.22	1718.8	1914.61	321.591	670.646	1473.29	342.15	393.65	334.381	632.473	1107.88	742.378	1884.5	902.489	556.772	1384.48	1476.74	1211.48	2074.91	
1445.49	1827.1	1884.25	1141.14	1754.87	237.616	1230.66	0	1618.8	484.087	526.212	775.793	1330.4	1600.23	858.646	856.107	581.777	576.909	1010.94	1104.08	1333.82	640.266	691.361	1404.55	1683.16	1402.31	984.784	1886.31	928.247	1454.65	502.171	881.16	980.245	1119.25	1503.29	1318.66	913.453	1743.94	898.448	970.446	1004.43	989.85	1654.79	1539.46	841.03	1372.07	1238.33	223.232	1971	656.034	1132.63	694.232	1427.14	1476.84	130.257	858.105	
2336.49	429.751	1010.28	2178.08	668.053	1795.09	819.631	1618.8	0	1304.16	1156.58	2166.13	301.89	1108.67	1288.06	1889.64	1149.7	1490.97	615.208	2349.02	1026.01	1724.61	2097.04	1656.21	248.269	1304.11	1576.11	732.787	701.486	2423.26	1546.17	1492.08	971.435	2325.61	319.944	2038.77	1285.63	858.029	1665.15	1898.79	730.557	633.185	837.483	647.762	943.63	1120.52	380.467	1415.21	1036.12	2234.67	1706.08	1163.17	875.36	959.416	1663.99	2320.95	
1850.27	1600.4	1410.36	1564.05	1311.28	721.578	1176.83	484.087	1304.16	0	553.6	864.7	1002.33	1116.7	390.271	1254.68	154.46	868.444	698.989	1568.92	1352.26	1025.28	1169.27	1624.88	1311.63	1508.11	1251.25	1738.8	706.208	1877.56	257.282	1131.12	507.281	1577.74	1120.11	1670.76	1070.71	1277.74	569.098	741.568	873.56	687.182	1188.01	1414.18	806.59	1419.56	940.381	284.838	1897.58	958.57	1418.77	785.234	953.992	997.867	601.101	1016.8	
1408.99	1314.82	1649.88	1162.97	1440.75	651.705	709.323	526.212	1156.58	553.6	0	1257.97	895.325	1448.98	892.414	844.492	499.936	409.363	599.339	1258.05	838.506	631.793	950.336	1075.1	1268.28	962.361	725.587	1360.26	457.369	1460.55	767.239	603.955	826.781	1247.91	1111.76	1182.27	518.04	1487.7	1122.4	1281.53	484.011	573.378	1405.49	1013.25	316.436	892.562	785.918	405.343	1451.65	1182.25	895.952	231.696	1217.17	1291.55	529.687	1365.79	
2067.95	2461.48	2079.88	1753.16	2077.08	846.299	1962.96	775.793	2166.13	864.7	1257.97	0	1864.34	1723.09	979.953	1532.21	1018.57	1344.46	1563.65	1605.2	2092.84	1353.82	1193.27	2169.75	2154.1	2177.09	1744.69	2578.94	1555.45	2043.43	621.126	1648.52	1271.46	1643.06	1959.99	2013.66	1689.05	1987.94	700.965	557.344	1692.91	1551.44	1901.92	2241.85	1569.85	2138.47	1805.08	855.114	2703.98	392.237	1880.14	1456.99	1661.74	1669.14	858.896	178.352	
2169.05	660.157	965.488	1981.38	657.026	1516.88	736.155	1330.4	301.89	1002.33	895.325	1864.34	0	959.871	1001.92	1679.04	847.88	1260.77	319.835	2126.84	969.445	1495.78	1845.18	1559.63	374.763	1242.5	1407.74	903.837	440.311	2246.31	1244.64	1309.99	692.036	2108.56	253.034	1885.6	1115	795.493	1377.79	1609.4	537.717	340.567	745.247	699.708	733.806	1067.67	119.988	1121.77	1168.87	1936.81	1553.99	941.938	700.246	792.316	1383.74	2019.11	
2857.96	1538.32	370.892	2604.75	544.152	1837.19	1650.16	1600.23	1108.67	1116.7	1448.98	1723.09	959.871	0	781.337	2285.56	1034.08	1855.18	983.112	2657.57	1886.87	2062.25	2276.72	2406.97	907.328	2142.63	2146.58	1832.85	1166.52	2907.68	1207.04	2029.13	636.051	2658.8	790.796	2621.55	1880.2	351.605	1030.78	1235.69	1368.16	1004.82	307.403	1659.57	1485.25	1982.89	1033.81	1389.29	2119.04	1976.76	2313.33	1620.31	265.74	173.541	1712.58	1901.44	
2238.13	1656.42	1116.05	1954	1098.13	1094.68	1398.76	858.646	1288.06	390.271	892.414	979.953	1001.92	781.337	0	1643.42	392.478	1247.08	774.332	1955.87	1605.42	1413.89	1549.73	1963.29	1221.16	1799.94	1613.73	1857.08	869.856	2267.26	425.741	1492.2	319.751	1966.16	1029.31	2049.63	1404.35	1011.57	377.107	611.486	1077.49	776.145	924.268	1568.48	1079.01	1685.21	984.809	674.112	2065.87	1198.74	1783.43	1115.65	683.085	698.446	982.387	1155.49	
596.448	1906.05	2494.13	319.289	2273.9	693.332	1162.91	856.107	1889.64	1254.68	844.492	1532.21	1679.04	2285.56	1643.42	0	1276.84	435.52	1420.58	467.314	1100.93	229.548	442.734	769.635	2050.8	985.585	414.763	1814.43	1248.7	626.179	1350.45	431.596	1653.37	437.514	1918.19	481.511	636.965	2331.01	1749.72	1824.62	1159.77	1393.9	2249.54	1498.22	949.401	1073.38	1560.27	978.007	1754.21	1239.05	442.463	737.202	2060.28	2132.43	730.182	1544.37	
1866.25	1449.64	1303.45	1592.91	1180.05	813.457	1058.9	581.777	1149.7	154.46	499.936	1018.57	847.88	1034.08	392.478	1276.84	0	865.25	545.7	1625.61	1247.8	1048.39	1243.46	1572.09	1160.56	1423.43	1222.35	1596.84	565.489	1903.02	405.117	1100.71	402.202	1629.14	970.125	1664.88	1013.25	1162.18	661.372	857.55	746.547	534.761	1073.01	1278.18	707.198	1321.08	786.727	361.309	1766.84	1105.99	1392.33	724.355	846.704	900.481	683.879	1171.26	
1005.7	1563.63	2058.64	753.634	1841.11	536.02	847.666	576.909	1490.97	868.444	409.363	1344.46	1260.77	1855.18	1247.08	435.52	865.25	0	989.684	866.317	866.266	235.062	627.652	827.789	1635.07	864.621	409.438	1528.99	823.835	1052.57	1013.47	304.622	1226.79	850.194	1493.6	802.9	383.333	1895.54	1406.55	1520.22	763.964	963.07	1814.02	1189.11	549.874	876.741	1144	616.856	1536.95	1146.93	565.202	328.854	1626.25	1699.72	486.477	1405.06	
1947.22	907.575	1101.68	1732.71	854.149	1201.33	686.134	1010.94	615.208	698.989	599.339	1563.65	319.835	983.112	774.332	1420.58	545.7	989.684	0	1852.63	918.084	1221.8	1547.04	1426.38	678.621	1163.19	1200.49	1083.86	188.263	2014.11	949.815	1090.73	508.47	1839.19	513.174	1682.79	917.9	931.71	1135.88	1358.43	386.002	26.6749	858.652	798.236	517.19	1011.06	241.711	802.053	1295.71	1619.46	1360.11	692.563	721.277	810.445	1067.39	1713.14	
535.45	2373.29	2896.14	298.428	2698.79	879.817	1629.8	1104.08	2349.02	1568.92	1258.05	1605.2	2126.84	2657.57	1955.87	467.314	1625.61	866.317	1852.63	0	1557.76	631.751	428.142	1132.64	2500.84	1414.01	861.598	2275.03	1690.05	467.97	1600.18	896.495	2021.71	58.9866	2359.45	674.407	1103.82	2738.56	1985.6	2009.67	1618.49	1826.16	2653.93	1963.68	1405.69	1521.97	2009.6	1284.3	2196.95	1242.59	833.056	1188.07	2449.96	2514.88	976.001	1564.42	
1393.44	872.288	1934.68	1315.39	1621.65	1378.88	237.099	1333.82	1026.01	1352.26	838.506	2092.84	969.445	1886.87	1605.42	1100.93	1247.8	866.266	918.084	1557.76	0	1036.45	1462.04	638.313	1256.96	278.647	696.782	718.995	757.61	1496.84	1591.18	673.325	1405.14	1517.6	1212.52	1080.76	491.663	1764.08	1908.84	2093.83	540.838	901.187	1709.35	442.032	545.793	98.2331	868.377	1243.73	671.865	1974.08	768.117	639.605	1621.26	1713.41	1292.79	2190.73	
825.203	1782.76	2279.88	544.762	2070.83	507.668	1052.82	640.266	1724.61	1025.28	631.793	1353.82	1495.78	2062.25	1413.89	229.548	1048.39	235.062	1221.8	631.751	1036.45	0	425.628	848.833	1870.12	979.731	430.816	1727.17	1058.35	854.996	1127.32	381.098	1428.4	617.525	1727.71	678.652	545.8	2118.89	1526.65	1610.68	995.929	1195.26	2036	1394.7	781.82	1029.25	1379.06	749.772	1706.58	1095.66	535.206	561.471	1841.24	1911.43	519.498	1384.9	
880.378	2191.01	2538.13	569.043	2368.97	458.862	1471.65	691.361	2097.04	1169.27	950.336	1193.27	1845.18	2276.72	1549.73	442.734	1243.46	627.652	1547.04	428.142	1462.04	425.628	0	1210.23	2218.58	1393.21	825.814	2149.72	1405.6	850.215	1178.84	799.86	1645.13	456.696	2060.21	885.413	971.341	2387.49	1559.88	1581.67	1381.23	1521.58	2300.37	1813.77	1169.32	1453.06	1733.9	888.61	2131.76	851.634	882.686	950.174	2084.66	2142.97	568.338	1170.82	
815.673	1501.34	2509.27	842.591	2216.27	1338.55	838.572	1404.55	1656.21	1624.88	1075.1	2169.75	1559.63	2406.97	1963.29	769.635	1572.09	827.789	1426.38	1132.64	638.313	848.833	1210.23	0	1878.31	377.672	426.611	1298.42	1240.72	931.191	1812.57	523.409	1844.24	1079.76	1811.16	509.99	558.947	2337.25	2189.75	2328.04	1048.53	1403.49	2272.79	1074.25	926.053	553.69	1446.93	1416.52	1133.83	1941.46	327.558	847.765	2147.29	2235.42	1310.92	2220.15	
2527.68	651.594	769.668	2350.07	426.325	1879.44	1039.9	1683.16	248.269	1311.63	1268.28	2154.1	374.763	907.328	1221.16	2050.8	1160.56	1635.07	678.621	2500.84	1256.96	1870.12	2218.58	1878.31	0	1535.6	1765.01	969.192	814.884	2608.81	1534.72	1672.43	902.454	2481.86	194.281	2237.33	1471.98	625.434	1593.57	1829.18	898.413	702.466	617.202	894.362	1102.56	1353.21	491.259	1467.78	1278.36	2265.59	1904.32	1314.41	700.992	774.972	1745.15	2317.77	
1174.53	1124.95	2206.11	1145.58	1897.1	1400.17	506.348	1402.31	1304.11	1508.11	962.361	2177.09	1242.5	2142.63	1799.94	985.585	1423.43	864.621	1163.19	1414.01	278.647	979.731	1393.21	377.672	1535.6	0	572.311	924.156	989.666	1285.16	1729.58	598.829	1629.37	1367.4	1488.17	861.448	490.346	2034.88	2075.6	2243.38	777.533	1143.73	1977.5	700.262	721.003	183.974	1137.69	1354.23	787.699	2010.15	584.949	735.801	1877.94	1969.16	1337.1	2255.89	
762.668	1534.97	2301.89	624.625	2043.17	912.033	793.296	984.784	1576.11	1251.25	725.587	1744.69	1407.74	2146.58	1613.73	414.763	1222.35	409.438	1200.49	861.598	696.782	430.816	825.814	426.611	1765.01	572.311	0	1415.29	1013.9	847.184	1416.39	121.697	1543.01	820.826	1658.29	482.435	293.14	2132.19	1804.38	1926.95	870.09	1174.71	2058.13	1114.08	685.668	661.521	1288.04	1018.24	1340.65	1516.55	170.377	526.696	1899.22	1981.18	886.489	1793.54	
