Number of Customers
50
Number of Robot stations
5
Number of Trucks
3
Number of Robots per station
3
Truck Capacity [kg]
600
Number of no-fly zones
10
Nodes in no-flying zones
32	27	44	9	47	35	35	40	30	13	
Drone speed [m/s]
8.33
Drone battery [J]
600000
Maximum robot driving time [s]
3600
Pacel weight [node] [kg]
0	0
1	3.66086
2	0.147387
3	3.01154
4	4.41368
5	2.32703
6	4.44268
7	1.78819
8	3.54421
9	3.50069
10	2.81404
11	2.37055
12	0.893478
13	2.57861
14	3.89507
15	2.95705
16	0.873903
17	4.05118
18	2.19203
19	1.45696
20	0.21491
21	0.317015
22	3.54579
23	1.19285
24	0.778444
25	4.76985
26	4.54353
27	0.400123
28	3.22491
29	0.187545
30	0.525423
31	4.5512
32	4.38067
33	0.566425
34	3.58758
35	1.63271
36	1.70093
37	3.64186
38	0.999408
39	0.602763
40	1.53252
41	1.24441
42	3.57136
43	1.36034
44	4.61041
45	4.90148
46	2.96049
47	0.158997
48	1.92376
49	0.110573
50	1.13835
51	0
52	0
53	0
54	0
55	0
Node	latitud	longitud	t-start [s]	t-stop[s]	address
Depot
0	17.1479	19.4295	0	28800	address
Customers
1	11.3964	14.169	5865	16665	address
2	19.6002	5.37064	14904	25704	address
3	7.06208	16.7493	14234	25034	address
4	13.4009	7.07889	710	11510	address
5	9.03044	4.44956	12261	23061	address
6	9.64629	0.542205	4699	15499	address
7	18.4578	8.32752	4744	15544	address
8	6.67464	12.0578	10543	21343	address
9	14.2983	5.22732	13650	24450	address
10	19.787	7.31338	16770	27570	address
11	7.01365	13.9303	10602	21402	address
12	13.103	14.6638	3152	13952	address
13	3.23059	6.32444	10072	20872	address
14	18.4061	14.2488	10876	21676	address
15	15.9481	9.85603	7910	18710	address
16	8.45941	19.6869	7457	18257	address
17	11.9213	7.06522	2192	12992	address
18	13.1703	19.2963	11484	22284	address
19	9.98256	10.4464	12803	23603	address
20	8.06551	13.1049	14790	25590	address
21	7.22035	12.4094	6795	17595	address
22	12.0448	15.4788	3686	14486	address
23	16.5952	2.02625	15177	25977	address
24	7.89128	1.97213	11782	22582	address
25	7.95876	8.30279	7873	18673	address
26	10.0501	1.90173	2360	13160	address
27	5.6895	13.0748	10100	20900	address
28	7.45574	11.9062	16655	27455	address
29	3.42809	7.22575	12885	23685	address
30	1.67933	8.82265	6907	17707	address
31	16.5359	7.63531	7986	18786	address
32	8.49915	0.846556	13711	24511	address
33	1.98675	12.1106	3849	14649	address
34	9.64085	11.9822	3207	14007	address
35	7.11245	0.872024	4651	15451	address
36	5.55185	12.1899	10743	21543	address
37	10.0833	6.08045	6277	17077	address
38	16.1169	7.75812	11112	21912	address
39	5.43632	2.47956	7863	18663	address
40	10.4788	12.9688	3327	14127	address
41	4.96884	14.0337	13808	24608	address
42	3.17418	19.7538	7952	18752	address
43	3.16328	9.29294	10461	21261	address
44	11.8727	17.6676	3832	14632	address
45	14.2194	5.50364	5080	15880	address
46	5.67811	12.2496	9926	20726	address
47	0.875263	6.44778	8919	19719	address
48	19.8151	11.3238	10634	21434	address
49	6.14025	18.3186	15138	25938	address
50	0.0852129	12.608	3679	14479	address
Robot stations
50	1.91669	9.87278	0	28800	address
51	5.03784	5.97101	0	28800	address
52	5.34669	3.81489	0	28800	address
53	8.19549	19.9432	0	28800	address
54	15.9447	12.3324	0	28800	address
Truck driving time matrix [s]
0	1585.73	2377.61	1838.3	2318.06	3326.02	3800	1787.32	2569.67	2455.46	2124.76	2251.22	1268.72	3891.22	927.201	1551.36	1288.21	2533.08	591.952	2325.38	2218.61	2440.47	1303.74	2585.65	3846.81	2925.48	3546.09	2565.09	2479.02	3732.99	3754.86	1786.5	3921.36	3237.13	2153.43	4117.38	2712.33	2939.56	1829.15	4127.26	1890.69	2530.78	2058.91	3473.45	1013.34	2427.03	2685.55	4212.63	1551.3	1745.08	3439.32	3569.46	3681.87	3947.88	1363.11	1195.23	
1585.73	0	2448.32	995.697	1309.63	1740.3	2214.27	1858.03	983.942	1705.48	2195.47	665.493	317.011	2305.49	1020.88	1276.52	1217.5	1098.55	993.775	739.653	632.883	854.74	281.983	2497.2	2261.09	1339.75	1960.36	979.359	893.296	2147.26	2169.13	1680.95	2335.63	1651.4	567.704	2531.65	1126.61	1353.84	1602.93	2541.53	304.964	945.053	1988.2	1887.72	572.386	1654.33	1099.82	2626.9	1622.01	1354.41	1853.59	1983.73	2096.14	2362.15	1292.4	919.437	
2377.61	2448.32	0	3444.02	1138.69	1654.68	2128.65	590.294	2824.23	784.115	306.658	3045.04	2273.81	2494.57	1450.41	1171.8	3665.82	1349.77	2931.2	2115.84	2774.72	2796.27	2543.54	914.306	2175.47	2098.59	1874.74	3112.53	2689.92	2595.91	3077.69	767.374	2250.01	3506.88	2386.2	2446.03	3004.93	1472.64	845.393	2455.91	2407.62	3354.39	4436.52	2931.72	2883.51	793.987	2995.35	2851.49	888.213	3802.73	3852.34	3194.73	2183.43	2276.53	3740.72	1528.88	
1838.3	995.697	3444.02	0	2305.33	2054.61	2705.95	2853.72	731.367	2701.18	3191.17	412.918	1170.21	2052.92	1993.61	2272.22	624.232	2094.24	1246.35	1328.18	669.298	647.748	900.476	3492.9	2247.32	1345.42	2568.32	726.785	754.097	1894.69	1916.56	2676.64	2496.94	1398.83	1057.82	2293.59	874.031	1971.37	2598.62	2288.96	1036.4	692.479	992.507	1635.15	824.96	2650.03	847.248	2374.32	2617.71	358.711	1601.02	1731.16	1843.57	2109.58	623.129	1915.13	
2318.06	1309.63	1138.69	2305.33	0	1007.96	1481.94	907.998	1685.55	395.85	953.371	1906.36	1135.12	1573.16	1753.22	766.704	2527.13	215.021	1792.52	977.153	1636.03	1657.58	1404.85	1187.57	1528.75	959.906	1228.03	1973.85	1551.23	1457.23	1939	531.563	1603.3	2368.2	1247.51	1799.32	1866.25	621.504	488.913	1809.2	1268.93	2215.7	3297.84	1793.04	1744.82	344.699	1856.67	1894.57	1534.93	2664.04	2713.65	2056.04	1363.81	1629.82	2602.04	1122.83	
3326.02	1740.3	1654.68	2054.61	1007.96	0	651.341	1915.96	1434.83	870.562	1961.33	1655.64	2057.31	1105.16	2761.18	1774.67	2276.41	792.943	2734.07	1000.64	1385.31	1406.86	2022.28	1438.29	520.79	709.188	513.712	1723.13	1300.52	1206.51	1688.29	1539.53	595.339	2117.48	1172.59	791.356	1615.53	386.459	1496.88	801.234	1435.33	1964.99	3047.12	1542.32	2312.68	898.992	1605.95	1462.09	2542.89	2413.32	2462.93	1805.32	794.025	621.855	2351.32	2130.79	
3800	2214.27	2128.65	2705.95	1481.94	651.341	0	2389.94	2086.17	1344.54	2435.31	2306.98	2531.29	1756.5	3235.16	2248.65	2927.75	1266.92	3208.05	1474.62	2036.66	2058.2	2496.26	1214.35	458.63	1360.53	253.915	2374.47	1951.86	1857.85	2339.63	2013.5	209.014	2768.82	1648.14	412.367	2266.87	860.437	1970.85	885.215	1909.31	2616.33	3698.46	2193.66	2786.66	1372.97	2257.29	2113.43	3016.87	3064.66	3114.27	2456.66	1445.37	1090.41	3002.66	2604.77	
1787.32	1858.03	590.294	2853.72	907.998	1915.96	2389.94	0	2233.94	1045.4	337.444	2454.75	1683.51	2481.16	860.115	581.505	3075.52	1123.02	2340.91	1525.55	2184.42	2205.97	1953.25	1175.59	2436.75	1515.42	2136.02	2522.24	2099.63	2322.93	2487.4	376.435	2511.3	2916.59	1795.91	2707.32	2414.64	1529.5	419.085	2717.2	1817.33	2764.1	3846.23	2341.43	2293.22	1016.97	2405.06	2802.56	626.928	3212.43	3262.04	2604.43	2271.81	2537.82	3150.43	938.589	
2569.67	983.942	2824.23	731.367	1685.55	1434.83	2086.17	2233.94	0	2081.4	2571.38	318.449	1300.95	1321.55	2004.83	1652.43	1355.6	1474.46	1977.72	708.393	351.059	129.202	1265.92	2873.11	1627.54	725.64	1948.54	288.301	134.313	1163.32	1185.19	2056.86	1877.15	682.651	438.031	1673.8	180.7	1351.59	1978.84	1557.59	678.978	530.158	1612.29	903.78	1556.33	2030.25	171.12	1642.96	1997.92	978.495	1028.11	999.792	1112.2	1378.21	1354.5	1374.44	
2455.46	1705.48	784.115	2701.18	395.85	870.562	1344.54	1045.4	2081.4	0	1090.77	2302.21	1530.97	1751.73	1890.62	904.106	2922.98	606.936	2188.37	1373	2031.88	2053.43	1800.7	791.717	1391.35	1355.76	1090.62	2369.7	1947.08	1853.08	2334.85	668.964	1465.9	2764.05	1643.36	1661.92	2262.1	729.805	626.314	1671.8	1664.78	2611.55	3693.69	2188.89	2140.67	51.1505	2252.52	2108.66	1672.33	3059.89	3109.5	2451.89	1440.59	1492.42	2997.89	1260.23	
2124.76	2195.47	306.658	3191.17	953.371	1961.33	2435.31	337.444	2571.38	1090.77	0	2792.19	2020.96	2526.53	1197.56	918.948	3412.97	1168.39	2678.35	1862.99	2521.87	2543.42	2290.69	1220.96	2482.12	1845.74	2181.4	2859.68	2437.07	2368.3	2824.84	514.523	2556.67	3254.03	2133.35	2752.69	2752.08	1574.88	592.542	2762.57	2154.77	3101.54	4183.67	2678.87	2630.66	1062.34	2742.5	2847.94	581.555	3549.88	3599.49	2941.88	2317.18	2583.19	3487.87	1276.03	
2251.22	665.493	3045.04	412.918	1906.36	1655.64	2306.98	2454.75	318.449	2302.21	2792.19	0	982.504	1640	1686.38	1873.24	1037.15	1695.27	1659.27	929.204	270.325	248.775	947.475	3093.92	1848.35	946.451	2169.35	313.866	355.124	1481.77	1503.64	2277.67	2097.97	985.91	658.843	1894.61	461.113	1572.4	2199.65	1876.04	637.423	309.347	1391.48	1222.23	1237.88	2251.06	434.329	1961.41	2218.74	757.683	1188.1	1318.24	1430.65	1696.66	1036.05	1516.16	
1268.72	317.011	2273.81	1170.21	1135.12	2057.31	2531.29	1683.51	1300.95	1530.97	2020.96	982.504	0	2622.5	823.399	1102.01	1392.01	1264.36	676.764	1056.66	949.894	1171.75	269.733	2322.69	2578.1	1656.77	2277.37	1296.37	1210.31	2464.28	2486.14	1506.43	2652.65	1968.41	884.715	2848.66	1443.62	1670.85	1428.42	2858.54	621.975	1262.06	2162.72	2204.73	609.702	1479.82	1416.83	2943.91	1447.5	1528.92	2170.6	2300.75	2413.15	2679.16	1466.92	744.925	
3891.22	2305.49	2494.57	2052.92	1573.16	1105.16	1756.5	2481.16	1321.55	1751.73	2526.53	1640	2622.5	0	3326.38	2339.86	2677.15	1358.14	3299.27	1565.84	1672.61	1450.75	2587.48	2543.45	1297.87	965.739	1618.87	1326.13	1412.2	158.229	583.123	2104.72	1547.49	1012.32	1737.79	1344.14	1178.89	1021.93	2062.07	871.289	2000.53	1360.44	1941.96	437.156	2877.88	1700.58	1205.67	356.927	3108.09	2146.14	1357.77	700.161	311.137	666.094	2676.05	2695.99	
927.201	1020.88	1450.41	1993.61	1753.22	2761.18	3235.16	860.115	2004.83	1890.62	1197.56	1686.38	823.399	3326.38	0	986.512	2215.41	1968.24	1480.79	1760.54	1653.77	1875.62	1093.13	2020.81	3281.97	2360.64	2981.24	2000.24	1914.18	3168.15	3190.02	1221.65	3356.52	2672.29	1588.59	3552.54	2147.49	2374.72	1264.3	3562.41	1325.85	1965.94	2986.11	2908.61	1433.1	1862.19	2120.71	3647.78	624.101	2352.32	2874.47	3004.62	3117.03	3383.03	2290.31	630.388	
1551.36	1276.52	1171.8	2272.22	766.704	1774.67	2248.65	581.505	1652.43	904.106	918.948	1873.24	1102.01	2339.86	986.512	0	2494.02	981.725	1759.4	944.041	1602.92	1624.47	1371.74	1220.68	2295.46	1374.13	1994.73	1940.73	1518.12	2181.64	2203.5	404.425	2370.01	2335.08	1214.4	2566.02	1833.13	1388.21	326.406	2575.9	1235.82	2182.59	3264.72	1922.09	1711.71	875.676	1823.55	2661.27	768.222	2630.93	2680.54	2022.93	2130.51	2396.52	2568.92	357.084	
1288.21	1217.5	3665.82	624.232	2527.13	2276.41	2927.75	3075.52	1355.6	2922.98	3412.97	1037.15	1392.01	2677.15	2215.41	2494.02	0	2316.04	734.614	1549.98	1004.54	1226.4	1122.28	3714.7	2632.74	1711.41	2790.12	1351.02	1264.95	2518.92	2540.79	2898.44	2718.74	2023.06	1279.62	2903.31	1498.26	2193.18	2820.42	2913.19	1258.2	1316.71	770.707	2259.38	782.307	2871.83	1471.48	2998.56	2839.51	531.006	2225.25	2355.39	2467.8	2733.81	74.9065	2136.93	
2533.08	1098.55	1349.77	2094.24	215.021	792.943	1266.92	1123.02	1474.46	606.936	1168.39	1695.27	1264.36	1358.14	1968.24	981.725	2316.04	0	1941.13	766.067	1424.95	1446.5	1229.34	1398.65	1313.73	748.82	1013.01	1762.76	1340.15	1246.14	1727.92	746.583	1388.28	2157.11	1036.43	1584.3	1655.16	406.484	703.934	1594.18	1057.85	2004.62	3086.75	1581.95	1533.74	555.785	1645.58	1679.55	1749.95	2452.95	2502.57	1844.96	1148.79	1414.8	2390.95	1337.85	
591.952	993.775	2931.2	1246.35	1792.52	2734.07	3208.05	2340.91	1977.72	2188.37	2678.35	1659.27	676.764	3299.27	1480.79	1759.4	734.614	1941.13	0	1733.43	1626.66	1848.51	711.793	2980.08	3254.86	2333.53	2954.13	1973.13	1887.07	3141.04	3162.91	2163.83	3329.41	2645.18	1561.48	3525.43	2120.38	2347.61	2085.81	3535.31	1298.74	1938.83	1505.32	2881.5	421.389	2137.22	2093.6	3620.67	2104.89	1153.12	2847.36	2977.51	3089.92	3355.93	809.52	1402.32	
2325.38	739.653	2115.84	1328.18	977.153	1000.64	1474.62	1525.55	708.393	1373	1862.99	929.204	1056.66	1565.84	1760.54	944.041	1549.98	766.067	1733.43	0	658.879	680.429	1021.64	2164.72	1521.43	600.101	1240.15	996.694	574.08	1407.61	1429.48	1348.47	1595.98	1391.04	270.362	1792	889.093	643.198	1270.45	1801.88	434.689	1238.55	2320.68	1148.07	1312.04	1321.85	879.513	1887.25	1542.25	1686.89	1736.5	1244.08	1356.49	1622.5	1624.88	1130.15	
2218.61	632.883	2774.72	669.298	1636.03	1385.31	2036.66	2184.42	351.059	2031.88	2521.87	270.325	949.894	1672.61	1653.77	1602.92	1004.54	1424.95	1626.66	658.879	0	221.857	914.865	2823.6	1628.2	706.871	1899.03	346.476	260.413	1514.38	1536.25	2007.35	1827.64	1018.52	388.518	1898.77	493.722	1302.08	1929.33	1908.65	367.098	579.672	1661.8	1254.84	1205.27	1980.73	466.939	1994.02	1948.41	1028.01	1220.71	1350.85	1463.26	1729.27	1003.44	1245.84	
2440.47	854.74	2796.27	647.748	1657.58	1406.86	2058.2	2205.97	129.202	2053.43	2543.42	248.775	1171.75	1450.75	1875.62	1624.47	1226.4	1446.5	1848.51	680.429	221.857	0	1136.72	2845.15	1599.58	697.676	1920.58	316.265	106.349	1292.52	1314.39	2028.89	1849.19	796.663	410.067	1676.91	271.865	1323.63	1950.88	1686.79	549.776	558.122	1640.26	1032.98	1427.13	2002.28	245.082	1772.16	1969.96	1006.46	1056.07	1128.99	1241.4	1507.41	1225.29	1267.39	
1303.74	281.983	2543.54	900.476	1404.85	2022.28	2496.26	1953.25	1265.92	1800.7	2290.69	947.475	269.733	2587.48	1093.13	1371.74	1122.28	1229.34	711.793	1021.64	914.865	1136.72	0	2592.42	2543.07	1621.74	2242.34	1261.34	1175.28	2429.25	2451.11	1776.17	2617.62	1933.39	849.687	2813.64	1408.59	1635.82	1698.15	2823.51	586.947	1227.04	1892.98	2169.7	339.969	1749.55	1381.8	2908.88	1717.23	1259.19	2135.57	2265.72	2378.13	2644.13	1197.18	1014.66	
2585.65	2497.2	914.306	3492.9	1187.57	1438.29	1214.35	1175.59	2873.11	791.717	1220.96	3093.92	2322.69	2543.45	2020.81	1220.68	3714.7	1398.65	2980.08	2164.72	2823.6	2845.15	2592.42	0	1261.16	2147.47	960.433	3161.41	2738.8	2644.8	3126.57	816.254	1335.71	3555.76	2435.08	1531.73	3053.81	1521.52	894.273	1672.16	2456.5	3403.27	4485.4	2980.6	2932.39	842.868	3044.23	2900.37	1802.52	3851.61	3901.22	3243.61	2232.31	1877.35	3789.6	1577.76	
3846.81	2261.09	2175.47	2247.32	1528.75	520.79	458.63	2436.75	1627.54	1391.35	2482.12	1848.35	2578.1	1297.87	3281.97	2295.46	2632.74	1313.73	3254.86	1521.43	1628.2	1599.58	2543.07	1261.16	0	921.332	321.001	1915.84	1493.23	1399.22	1881	2060.32	249.616	2310.19	1693.38	270.566	1808.24	907.249	2017.67	426.585	1956.12	2157.7	3239.83	1735.03	2833.47	1419.78	1798.66	1654.8	3063.68	2606.03	2655.64	1998.03	986.736	631.779	2631.64	2651.58	
2925.48	1339.75	2098.59	1345.42	959.906	709.188	1360.53	1515.42	725.64	1355.76	1845.74	946.451	1656.77	965.739	2360.64	1374.13	1711.41	748.82	2333.53	600.101	706.871	697.676	1621.74	2147.47	921.332	0	1222.9	1013.94	591.327	807.51	979.098	1331.22	1151.51	1408.29	772.05	1191.9	906.34	625.951	1253.2	1201.78	1034.79	1255.8	2337.93	833.13	1912.14	1304.61	896.76	1287.14	2142.35	1704.13	1753.75	1096.14	756.389	1022.4	1710.31	1730.25	
3546.09	1960.36	1874.74	2568.32	1228.03	513.712	253.915	2136.02	1948.54	1090.62	2181.4	2169.35	2277.37	1618.87	2981.24	1994.73	2790.12	1013.01	2954.13	1240.15	1899.03	1920.58	2242.34	960.433	321.001	1222.9	0	2236.84	1814.23	1720.22	2202	1759.59	375.276	2631.19	1510.51	571.294	2129.24	606.522	1716.94	747.586	1655.39	2478.7	3560.83	2056.03	2532.74	1119.05	2119.66	1975.8	2762.95	2927.03	2976.65	2319.04	1307.74	952.78	2865.03	2350.85	
2565.09	979.359	3112.53	726.785	1973.85	1723.13	2374.47	2522.24	288.301	2369.7	2859.68	313.866	1296.37	1326.13	2000.24	1940.73	1351.02	1762.76	1973.13	996.694	346.476	316.265	1261.34	3161.41	1915.84	1013.94	2236.84	0	422.613	1167.91	1189.77	2345.16	2165.46	672.043	726.332	1962.1	147.246	1639.89	2267.14	1562.17	704.912	241.858	1323.99	908.363	1551.75	2318.55	120.463	1647.54	2286.22	820.01	874.231	1004.37	1116.78	1382.79	1349.91	1583.65	
2479.02	893.296	2689.92	754.097	1551.23	1300.52	1951.86	2099.63	134.313	1947.08	2437.07	355.124	1210.31	1412.2	1914.18	1518.12	1264.95	1340.15	1887.07	574.08	260.413	106.349	1175.28	2738.8	1493.23	591.327	1814.23	422.613	0	1253.97	1275.84	1922.55	1742.84	816.964	325.592	1638.36	315.012	1217.28	1844.53	1648.23	588.332	664.471	1746.6	994.426	1465.68	1895.93	305.432	1733.6	1863.61	1112.81	1162.42	1090.44	1202.85	1468.85	1263.85	1283.79	
3732.99	2147.26	2595.91	1894.69	1457.23	1206.51	1857.85	2322.93	1163.32	1853.08	2368.3	1481.77	2464.28	158.229	3168.15	2181.64	2518.92	1246.14	3141.04	1407.61	1514.38	1292.52	2429.25	2644.8	1399.22	807.51	1720.22	1167.91	1253.97	0	481.776	1946.49	1648.84	910.969	1579.56	1445.48	1020.66	1123.27	1903.84	972.636	1842.3	1202.21	1840.61	335.808	2719.65	1801.93	1047.44	479.635	2949.86	1987.92	1256.42	598.813	412.485	767.442	2517.82	2537.76	
3754.86	2169.13	3077.69	1916.56	1939	1688.29	2339.63	2487.4	1185.19	2334.85	2824.84	1503.64	2486.14	583.123	3190.02	2203.5	2540.79	1727.92	3162.91	1429.48	1536.25	1314.39	2451.11	3126.57	1881	979.098	2202	1189.77	1275.84	481.776	0	2310.32	2130.61	517.729	1601.43	1927.26	1042.53	1605.05	2232.3	1454.41	1864.17	1224.08	1789.35	281.41	2741.52	2283.7	1069.31	457.767	2971.72	2009.78	774.648	185.398	894.261	1249.22	2539.69	2559.63	
1786.5	1680.95	767.374	2676.64	531.563	1539.53	2013.5	376.435	2056.86	668.964	514.523	2277.67	1506.43	2104.72	1221.65	404.425	2898.44	746.583	2163.83	1348.47	2007.35	2028.89	1776.17	816.254	2060.32	1331.22	1759.59	2345.16	1922.55	1946.49	2310.32	0	2134.86	2739.51	1618.83	2330.88	2237.56	1153.07	78.019	2340.76	1640.25	2587.02	3669.15	2164.35	2116.14	640.534	2227.98	2426.13	1003.36	3035.35	3084.96	2427.35	1895.37	2161.38	2973.35	761.509	
3921.36	2335.63	2250.01	2496.94	1603.3	595.339	209.014	2511.3	1877.15	1465.9	2556.67	2097.97	2652.65	1547.49	3356.52	2370.01	2718.74	1388.28	3329.41	1595.98	1827.64	1849.19	2617.62	1335.71	249.616	1151.51	375.276	2165.46	1742.84	1648.84	2130.61	2134.86	0	2559.81	1767.93	203.353	2057.85	981.798	2092.21	676.201	2030.67	2407.31	3489.45	1984.65	2908.02	1494.33	2048.27	1904.42	3138.23	2855.65	2905.26	2247.65	1236.35	881.395	2793.65	2726.13	
3237.13	1651.4	3506.88	1398.83	2368.2	2117.48	2768.82	2916.59	682.651	2764.05	3254.03	985.91	1968.41	1012.32	2672.29	2335.08	2023.06	2157.11	2645.18	1391.04	1018.52	796.663	1933.39	3555.76	2310.19	1408.29	2631.19	672.043	816.964	910.969	517.729	2739.51	2559.81	0	1120.68	2356.45	524.797	2034.24	2661.49	1883.61	1346.44	706.349	1271.62	575.161	2223.79	2712.9	551.58	975.496	2680.58	1492.05	345.454	332.331	1323.45	1678.41	2021.96	2041.9	
2153.43	567.704	2386.2	1057.82	1247.51	1172.59	1648.14	1795.91	438.031	1643.36	2133.35	658.843	884.715	1737.79	1588.59	1214.4	1279.62	1036.43	1561.48	270.362	388.518	410.067	849.687	2435.08	1693.38	772.05	1510.51	726.332	325.592	1579.56	1601.43	1618.83	1767.93	1120.68	0	1963.95	618.731	913.559	1540.81	1973.83	262.74	968.19	2050.32	1320.02	1140.09	1592.21	609.151	2059.19	1559.89	1416.53	1466.14	1416.03	1528.44	1794.45	1354.52	958.2	
4117.38	2531.65	2446.03	2293.59	1799.32	791.356	412.367	2707.32	1673.8	1661.92	2752.69	1894.61	2848.66	1344.14	3552.54	2566.02	2903.31	1584.3	3525.43	1792	1898.77	1676.91	2813.64	1531.73	270.566	1191.9	571.294	1962.1	1638.36	1445.48	1927.26	2330.88	203.353	2356.45	1963.95	0	1854.5	1177.82	2288.23	472.848	2226.69	2203.96	3286.09	1781.29	3104.04	1690.35	1844.92	1701.06	3334.25	2652.3	2701.91	2044.3	1033	678.042	2902.21	2922.15	
2712.33	1126.61	3004.93	874.031	1866.25	1615.53	2266.87	2414.64	180.7	2262.1	2752.08	461.113	1443.62	1178.89	2147.49	1833.13	1498.26	1655.16	2120.38	889.093	493.722	271.865	1408.59	3053.81	1808.24	906.34	2129.24	147.246	315.012	1020.66	1042.53	2237.56	2057.85	524.797	618.731	1854.5	0	1532.29	2159.54	1414.93	821.641	349.459	1431.59	761.117	1698.99	2210.95	26.7831	1500.29	2178.62	967.256	847.406	857.128	969.538	1235.55	1497.16	1517.1	
2939.56	1353.84	1472.64	1971.37	621.504	386.459	860.437	1529.5	1351.59	729.805	1574.88	1572.4	1670.85	1021.93	2374.72	1388.21	2193.18	406.484	2347.61	643.198	1302.08	1323.63	1635.82	1521.52	907.249	625.951	606.522	1639.89	1217.28	1123.27	1605.05	1153.07	981.798	2034.24	913.559	1177.82	1532.29	0	1110.42	1187.69	1048.87	1881.75	2963.88	1459.08	1926.22	678.655	1522.71	1378.85	2156.43	2330.09	2379.7	1722.09	742.306	1008.31	2268.08	1744.33	
1829.15	1602.93	845.393	2598.62	488.913	1496.88	1970.85	419.085	1978.84	626.314	592.542	2199.65	1428.42	2062.07	1264.3	326.406	2820.42	703.934	2085.81	1270.45	1929.33	1950.88	1698.15	894.273	2017.67	1253.2	1716.94	2267.14	1844.53	1903.84	2232.3	78.019	2092.21	2661.49	1540.81	2288.23	2159.54	1110.42	0	2298.11	1562.23	2509	3591.13	2086.33	2038.12	597.884	2149.96	2383.48	1046.01	2957.33	3006.95	2349.34	1852.72	2118.73	2895.33	683.49	
4127.26	2541.53	2455.91	2288.96	1809.2	801.234	885.215	2717.2	1557.59	1671.8	2762.57	1876.04	2858.54	871.289	3562.41	2575.9	2913.19	1594.18	3535.31	1801.88	1908.65	1686.79	2823.51	1672.16	426.585	1201.78	747.586	1562.17	1648.23	972.636	1454.41	2340.76	676.201	1883.61	1973.83	472.848	1414.93	1187.69	2298.11	0	2236.57	1731.11	2813.25	1308.44	3113.92	1700.23	1441.71	1228.22	3344.12	2382.18	2229.06	1571.45	560.151	205.194	2912.09	2932.03	
1890.69	304.964	2407.62	1036.4	1268.93	1435.33	1909.31	1817.33	678.978	1664.78	2154.77	637.423	621.975	2000.53	1325.85	1235.82	1258.2	1057.85	1298.74	434.689	367.098	549.776	586.947	2456.5	1956.12	1034.79	1655.39	704.912	588.332	1842.3	1864.17	1640.25	2030.67	1346.44	262.74	2226.69	821.641	1048.87	1562.23	2236.57	0	946.77	2028.9	1582.76	877.35	1613.63	794.858	2321.93	1581.31	1395.11	1548.63	1678.77	1791.18	2057.19	1333.1	878.738	
2530.78	945.053	3354.39	692.479	2215.7	1964.99	2616.33	2764.1	530.158	2611.55	3101.54	309.347	1262.06	1360.44	1965.94	2182.59	1316.71	2004.62	1938.83	1238.55	579.672	558.122	1227.04	3403.27	2157.7	1255.8	2478.7	241.858	664.471	1202.21	1224.08	2587.02	2407.31	706.349	968.19	2203.96	349.459	1881.75	2509	1731.11	946.77	0	1082.13	942.669	1517.44	2560.4	359.039	1681.85	2528.08	785.704	908.537	1038.68	1170.96	1525.92	1315.61	1825.51	
2058.91	1988.2	4436.52	992.507	3297.84	3047.12	3698.46	3846.23	1612.29	3693.69	4183.67	1391.48	2162.72	1941.96	2986.11	3264.72	770.707	3086.75	1505.32	2320.68	1661.8	1640.26	1892.98	4485.4	3239.83	2337.93	3560.83	1323.99	1746.6	1840.61	1789.35	3669.15	3489.45	1271.62	2050.32	3286.09	1431.59	2963.88	3591.13	2813.25	2028.9	1082.13	0	1507.94	1553.01	3642.54	1441.17	2247.12	3610.22	633.797	1473.81	1603.95	2253.09	2608.05	750.335	2907.64	
3473.45	1887.72	2931.72	1635.15	1793.04	1542.32	2193.66	2341.43	903.78	2188.89	2678.87	1222.23	2204.73	437.156	2908.61	1922.09	2259.38	1581.95	2881.5	1148.07	1254.84	1032.98	2169.7	2980.6	1735.03	833.13	2056.03	908.363	994.426	335.808	281.41	2164.35	1984.65	575.161	1320.02	1781.29	761.117	1459.08	2086.33	1308.44	1582.76	942.669	1507.94	0	2460.11	2137.74	787.9	739.177	2690.32	1728.37	920.615	263.005	748.293	1103.25	2258.28	2278.22	
1013.34	572.386	2883.51	824.96	1744.82	2312.68	2786.66	2293.22	1556.33	2140.67	2630.66	1237.88	609.702	2877.88	1433.1	1711.71	782.307	1533.74	421.389	1312.04	1205.27	1427.13	339.969	2932.39	2833.47	1912.14	2532.74	1551.75	1465.68	2719.65	2741.52	2116.14	2908.02	2223.79	1140.09	3104.04	1698.99	1926.22	2038.12	3113.92	877.35	1517.44	1553.01	2460.11	0	2089.52	1672.21	3199.28	2057.2	919.217	2425.98	2556.12	2668.53	2934.54	857.214	1354.63	
2427.03	1654.33	793.987	2650.03	344.699	898.992	1372.97	1016.97	2030.25	51.1505	1062.34	2251.06	1479.82	1700.58	1862.19	875.676	2871.83	555.785	2137.22	1321.85	1980.73	2002.28	1749.55	842.868	1419.78	1304.61	1119.05	2318.55	1895.93	1801.93	2283.7	640.534	1494.33	2712.9	1592.21	1690.35	2210.95	678.655	597.884	1700.23	1613.63	2560.4	3642.54	2137.74	2089.52	0	2201.37	2057.51	1643.9	3008.74	3058.35	2400.74	1389.44	1520.85	2946.74	1231.8	
2685.55	1099.82	2995.35	847.248	1856.67	1605.95	2257.29	2405.06	171.12	2252.52	2742.5	434.329	1416.83	1205.67	2120.71	1823.55	1471.48	1645.58	2093.6	879.513	466.939	245.082	1381.8	3044.23	1798.66	896.76	2119.66	120.463	305.432	1047.44	1069.31	2227.98	2048.27	551.58	609.151	1844.92	26.7831	1522.71	2149.96	1441.71	794.858	359.039	1441.17	787.9	1672.21	2201.37	0	1527.08	2169.04	940.473	856.986	883.912	996.321	1262.33	1470.38	1490.32	
4212.63	2626.9	2851.49	2374.32	1894.57	1462.09	2113.43	2802.56	1642.96	2108.66	2847.94	1961.41	2943.91	356.927	3647.78	2661.27	2998.56	1679.55	3620.67	1887.25	1994.02	1772.16	2908.88	2900.37	1654.8	1287.14	1975.8	1647.54	1733.6	479.635	457.767	2426.13	1904.42	975.496	2059.19	1701.06	1500.29	1378.85	2383.48	1228.22	2321.93	1681.85	2247.12	739.177	3199.28	2057.51	1527.08	0	3429.49	2467.55	1000.84	643.165	668.065	1023.02	2997.45	3017.39	
1551.3	1622.01	888.213	2617.71	1534.93	2542.89	3016.87	626.928	1997.92	1672.33	581.555	2218.74	1447.5	3108.09	624.101	768.222	2839.51	1749.95	2104.89	1542.25	1948.41	1969.96	1717.23	1802.52	3063.68	2142.35	2762.95	2286.22	1863.61	2949.86	2971.72	1003.36	3138.23	2680.58	1559.89	3334.25	2178.62	2156.43	1046.01	3344.12	1581.31	2528.08	3610.22	2690.32	2057.2	1643.9	2169.04	3429.49	0	2976.42	3026.03	2786.33	2898.74	3164.74	2914.41	702.574	
1745.08	1354.41	3802.73	358.711	2664.04	2413.32	3064.66	3212.43	978.495	3059.89	3549.88	757.683	1528.92	2146.14	2352.32	2630.93	531.006	2452.95	1153.12	1686.89	1028.01	1006.46	1259.19	3851.61	2606.03	1704.13	2927.03	820.01	1112.81	1987.92	2009.78	3035.35	2855.65	1492.05	1416.53	2652.3	967.256	2330.09	2957.33	2382.18	1395.11	785.704	633.797	1728.37	919.217	3008.74	940.473	2467.55	2976.42	0	1694.24	1824.38	1936.79	2202.8	529.903	2273.84	
3439.32	1853.59	3852.34	1601.02	2713.65	2462.93	3114.27	3262.04	1028.11	3109.5	3599.49	1188.1	2170.6	1357.77	2874.47	2680.54	2225.25	2502.57	2847.36	1736.5	1220.71	1056.07	2135.57	3901.22	2655.64	1753.75	2976.65	874.231	1162.42	1256.42	774.648	3084.96	2905.26	345.454	1466.14	2701.91	847.406	2379.7	3006.95	2229.06	1548.63	908.537	1473.81	920.615	2425.98	3058.35	856.986	1000.84	3026.03	1694.24	0	657.61	1668.91	2023.87	2224.14	2323.45	
3569.46	1983.73	3194.73	1731.16	2056.04	1805.32	2456.66	2604.43	999.792	2451.89	2941.88	1318.24	2300.75	700.161	3004.62	2022.93	2355.39	1844.96	2977.51	1244.08	1350.85	1128.99	2265.72	3243.61	1998.03	1096.14	2319.04	1004.37	1090.44	598.813	185.398	2427.35	2247.65	332.331	1416.03	2044.3	857.128	1722.09	2349.34	1571.45	1678.77	1038.68	1603.95	263.005	2556.12	2400.74	883.912	643.165	2786.33	1824.38	657.61	0	1011.3	1366.26	2354.29	2374.23	
3681.87	2096.14	2183.43	1843.57	1363.81	794.025	1445.37	2271.81	1112.2	1440.59	2317.18	1430.65	2413.15	311.137	3117.03	2130.51	2467.8	1148.79	3089.92	1356.49	1463.26	1241.4	2378.13	2232.31	986.736	756.389	1307.74	1116.78	1202.85	412.485	894.261	1895.37	1236.35	1323.45	1528.44	1033	969.538	742.306	1852.72	560.151	1791.18	1170.96	2253.09	748.293	2668.53	1389.44	996.321	668.065	2898.74	1936.79	1668.91	1011.3	0	354.957	2466.7	2486.64	
3947.88	2362.15	2276.53	2109.58	1629.82	621.855	1090.41	2537.82	1378.21	1492.42	2583.19	1696.66	2679.16	666.094	3383.03	2396.52	2733.81	1414.8	3355.93	1622.5	1729.27	1507.41	2644.13	1877.35	631.779	1022.4	952.78	1382.79	1468.85	767.442	1249.22	2161.38	881.395	1678.41	1794.45	678.042	1235.55	1008.31	2118.73	205.194	2057.19	1525.92	2608.05	1103.25	2934.54	1520.85	1262.33	1023.02	3164.74	2202.8	2023.87	1366.26	354.957	0	2732.71	2752.65	
1363.11	1292.4	3740.72	623.129	2602.04	2351.32	3002.66	3150.43	1354.5	2997.89	3487.87	1036.05	1466.92	2676.05	2290.31	2568.92	74.9065	2390.95	809.52	1624.88	1003.44	1225.29	1197.18	3789.6	2631.64	1710.31	2865.03	1349.91	1263.85	2517.82	2539.69	2973.35	2793.65	2021.96	1354.52	2902.21	1497.16	2268.08	2895.33	2912.09	1333.1	1315.61	750.335	2258.28	857.214	2946.74	1470.38	2997.45	2914.41	529.903	2224.14	2354.29	2466.7	2732.71	0	2211.84	
1195.23	919.437	1528.88	1915.13	1122.83	2130.79	2604.77	938.589	1374.44	1260.23	1276.03	1516.16	744.925	2695.99	630.388	357.084	2136.93	1337.85	1402.32	1130.15	1245.84	1267.39	1014.66	1577.76	2651.58	1730.25	2350.85	1583.65	1283.79	2537.76	2559.63	761.509	2726.13	2041.9	958.2	2922.15	1517.1	1744.33	683.49	2932.03	878.738	1825.51	2907.64	2278.22	1354.63	1231.8	1490.32	3017.39	702.574	2273.84	2323.45	2374.23	2486.64	2752.65	2211.84	0	
Drone flying time matrix [s]
0	935.701	1713.22	1252.8	1549.4	2045.37	2439.68	1342.02	1537.51	1738.93	1488.62	1384.17	750.396	2294.88	640.013	1158.27	1043.49	1611.47	477.769	1379.45	1328.64	1459.65	774.746	2090.28	2372.11	1732.37	2270.15	1572.93	1472.91	2204.33	2251.6	1417.78	2460.62	2021.04	1269.44	2532.67	1641.1	1813.11	1406.59	2473.29	1114.69	1599.14	1677.96	2073.46	667.661	1708.34	1624.45	2498.97	1024.4	1328.16	2205.97	2158.6	2173.45	2349.65	1076.48	864.147	
935.701	0	1444.15	605.545	884.522	1200.88	1649.31	1100.17	620.914	1128.55	1300.75	526.915	213.32	1359.34	841.555	752.771	750.4	855.125	651.319	478.044	419.773	544.011	175.448	1585.71	1523.48	816.238	1481.51	697.576	545.51	1268.78	1331.42	997.946	1636.72	1156.32	336.654	1677.08	740.758	983.731	955.745	1575.17	181.367	771.782	1193.22	1148.7	423.867	1094.08	724.104	1566.67	1066.81	803.919	1370.75	1249.43	1245.49	1439.61	792.558	588.858	
1713.22	1444.15	0	2032.6	771.951	1273.68	1328.11	380.538	1747.05	636.717	234.298	1827.29	1361.24	1968.47	1075.4	694.378	2177.72	944.009	1841.35	1305.5	1667.18	1709.59	1514.97	539.745	1463.64	1441.18	1219.76	1908.95	1655.62	1954.16	2190.91	457.425	1439.07	2263.98	1435.06	1593.43	1874.66	1145.65	506.959	1735.4	1425.15	2041.26	2621.04	2028.62	1743.5	646.152	1864.2	2251.6	715.135	2242.1	2498.65	2190.59	1749.66	1721.27	2221.46	943.954	
1252.8	605.545	2032.6	0	1388.09	1495.35	1970.21	1701.08	565.122	1633.36	1901.77	338.473	767.203	1333.34	1394.51	1350.09	390.518	1300.7	794.473	833.938	453.791	521.352	617.31	2105.64	1776.76	1019.69	1818.16	470.892	583.324	1223.69	1150.25	1578.15	1916.88	825.43	650.655	1906.05	576.595	1331.14	1531.88	1724.14	611.726	411.615	589.86	1010.11	587.935	1600.26	565.152	1442.57	1663.76	218.481	973.996	1031.03	1316.54	1566.35	406.845	1190.9	
1549.4	884.522	771.951	1388.09	0	612.291	904.951	625.304	1004.62	247.008	767.16	1124.47	911.26	1224.28	1049.72	452.387	1625.67	177.623	1466.94	576.039	966.207	979.791	1021.45	717.613	901.836	669.632	740.326	1172.64	919.348	1197.34	1422.63	382.231	951.858	1497.48	741.775	1060.71	1124.42	415.913	336.091	1104.1	789.311	1312.14	1955.12	1257.41	1284.32	213.109	1115.72	1505.58	923.374	1606.34	1730.85	1418.86	1012.74	1043.27	1665.97	700.726	
2045.37	1200.88	1273.68	1495.35	612.291	0	474.861	1223.74	956.14	639.246	1336.29	1163.61	1320.08	731.737	1628.09	1053.99	1830.5	468.016	1850.32	728.921	1045.49	979.953	1372.6	953.595	327.346	480.13	329.445	1110.4	914.899	750.599	1026.83	978.816	437.211	1249.34	907.238	487.304	1018.74	233.039	938.864	492.031	1037.4	1249.61	1967.17	913.328	1623.07	635.643	1019.2	1007.97	1535.32	1700.71	1453.41	1073.85	512.926	448.744	1862.68	1258.77	
2439.68	1649.31	1328.11	1970.21	904.951	474.861	0	1411.54	1427.72	792.6	1463.81	1637.99	1745.32	1036.84	1952.78	1349.99	2302.7	829.336	2290.8	1189.66	1520.02	1454.09	1816.08	853.017	271.763	953.414	170.254	1577.72	1389.34	1095.9	1379.45	1187.07	142.476	1665.58	1373.34	306.748	1482.16	666.922	1163.52	556.344	1495.14	1714.2	2433.68	1307.39	2073.17	810.025	1483.99	1269.37	1779.18	2175.13	1848.11	1454.55	854.872	648.671	2335.55	1604.7	
1342.02	1100.17	380.538	1701.08	625.304	1223.74	1411.54	0	1483.74	622.78	200.71	1529.65	995.909	1843.74	710.867	352.766	1816.67	799.186	1461.79	1048.75	1373.08	1435.27	1153.13	788.809	1480.25	1260.39	1270.36	1635.32	1388.89	1809.13	2015.1	245.232	1495.26	2028.8	1145.78	1629.74	1617.23	1040.9	289.216	1713.61	1108.13	1758.25	2290.84	1839.73	1371.91	611.402	1604.8	2122.77	394.89	1903.97	2264.66	1994.37	1635.69	1664.58	1860.7	567.598	
1537.51	620.914	1747.05	565.122	1004.62	956.14	1427.72	1483.74	0	1228.81	1673.99	228.436	832.717	802.916	1432.68	1144.21	940.588	869.449	1167.55	441.724	208.994	77.9269	764.376	1693.7	1219.55	476.415	1284.79	169.972	95.5204	698.852	714.457	1297.42	1363.6	562.807	356.204	1343.86	135.718	826.05	1245.51	1159.42	469.59	313.363	1014.97	536.526	918.107	1199.76	121.827	968.643	1579.95	754.32	793.8	628.535	756.669	1002.31	964.069	1113.34	
1738.93	1128.55	636.717	1633.36	247.008	639.246	792.6	622.78	1228.81	0	704.898	1362.46	1141.89	1335.16	1190	589.909	1872.03	360.697	1694.38	812.998	1205.89	1210.51	1260.05	472.979	862.724	845.873	647.666	1398.41	1147.87	1326.81	1575.16	394.614	872.483	1693.28	984.975	1008.72	1342.06	516.258	374.124	1113.82	1036.31	1540.13	2196.47	1423.05	1521.55	34.4974	1334.75	1618.05	987.05	1851.75	1922.59	1587.56	1115.27	1087.91	1912.5	875.558	
1488.62	1300.75	234.298	1901.77	767.16	1336.29	1463.81	200.71	1673.99	704.898	0	1726.95	1192.68	1991.11	848.929	552.775	2013.87	944.728	1643.26	1235.64	1569.53	1627.92	1350.82	741.4	1565.41	1424.92	1337.3	1828.25	1579.69	1963.88	2181.33	392.203	1561.71	2213.13	1340.79	1706.77	1806.39	1174.28	443.816	1817.88	1307.52	1953.28	2491.54	2009.74	1564.52	702.806	1794.42	2272.69	481.46	2104.6	2449.08	2167.19	1777.93	1783.68	2057.96	758.814	
1384.17	526.915	1827.29	338.473	1124.47	1163.61	1637.99	1529.65	228.436	1362.46	1726.95	0	736.303	1019.77	1368.17	1178.81	712.539	1013.07	980.424	549.5	160.51	184.261	631.943	1834.47	1439.41	685.028	1489.3	189.251	248.712	912.735	886.591	1370.33	1580.76	641.792	392.637	1567.66	272.848	1011.84	1320.33	1387.62	431.695	245.79	837.378	723.584	735.906	1331.02	257.704	1161.85	1568.32	537.138	846.757	782.085	984.493	1230.71	735.652	1089.18	
750.396	213.32	1361.24	767.203	911.26	1320.08	1745.32	995.909	832.717	1141.89	1192.68	736.303	0	1551.41	638.564	670.651	821.209	923.163	556.181	629.817	633.041	756.289	160.34	1573.98	1647.07	982.096	1575.29	910.194	754.455	1465.03	1540.27	939.022	1748.39	1369.24	525.724	1805.12	953.915	1092.33	904.529	1728.17	375.039	979.419	1339.44	1356.3	389.668	1107.8	937.281	1768.51	900.021	944.017	1582.13	1460.88	1423.53	1601.01	865.31	441.258	
2294.88	1359.34	1968.47	1333.34	1224.28	731.737	1036.84	1843.74	802.916	1335.16	1991.11	1019.77	1551.41	0	2055.21	1584.48	1722.58	1047.09	1961.85	949.665	999.724	873.504	1525.57	1685.33	765.533	615.291	975.759	862.455	840.405	110.767	353.02	1605	912.405	710.482	1026.4	803.495	757.273	823.176	1556.52	532.131	1180.41	948.714	1612.19	356.454	1711.91	1322.86	769.603	283.139	2079.43	1481.63	843.562	454.235	221.066	394.075	1740.16	1688.14	
640.013	841.555	1075.4	1394.51	1049.72	1628.09	1952.78	710.867	1432.68	1190	848.929	1368.17	638.564	2055.21	0	604.288	1360.89	1161.77	873.061	1109.48	1248.93	1360.86	777.796	1483.31	1940.47	1443.08	1789.77	1533.09	1344.31	1985.93	2111.02	825.072	2000.76	1987.75	1086.86	2101.64	1562.79	1399.94	826.237	2102.48	963.981	1613.32	1944.32	1924.15	885.205	1163.95	1546.7	2303.5	389.757	1551.42	2208.18	2048.04	1887.59	2006.68	1403.49	374.477	
1158.27	752.771	694.378	1350.09	452.387	1053.99	1349.99	352.766	1144.21	589.909	552.775	1178.81	670.651	1584.48	604.288	0	1483.59	588.151	1181.33	719.645	1023.51	1091.66	821.698	943.155	1353.23	977.057	1188.76	1290.72	1048.77	1535.81	1717.42	275.773	1403.36	1697.74	799.031	1512.7	1279.11	837.333	252.664	1541.62	755.471	1410.23	1939.95	1536.28	1057.71	562.2	1265.93	1855.14	496.549	1555.11	1932.75	1684.44	1390.31	1464.8	1527.27	297.289	
1043.49	750.4	2177.72	390.518	1625.67	1830.5	2302.7	1816.67	940.588	1872.03	2013.87	712.539	821.209	1722.58	1360.89	1483.59	0	1571.17	567.472	1124.28	791.579	886.232	663.681	2334.28	2127.72	1367.97	2143.6	860.611	941.801	1613.28	1537.38	1741.61	2261.76	1196.25	935.755	2264.47	965.32	1645.02	1701.69	2097.35	842.142	797.605	634.532	1400.42	476.102	1837.73	953.224	1831.65	1693.03	323.261	1316.36	1415.98	1697.03	1941.7	44.1615	1259.75	
1611.47	855.125	944.009	1300.7	177.623	468.016	829.336	799.186	869.449	360.697	944.728	1013.07	923.163	1047.09	1161.77	588.151	1571.17	0	1475.96	467.894	860.206	854.443	1010.14	825.076	779.674	498.359	659.317	1039.3	790.648	1019.78	1247.5	558.176	852.113	1337.61	650.666	941.295	981.408	250.326	510.488	953.484	729.568	1181.71	1850.12	1084.87	1272.8	333.542	974.21	1328.13	1076.74	1518.78	1568.99	1247.43	836.725	880.457	1609.38	795.687	
477.769	651.319	1841.35	794.473	1466.94	1850.32	2290.8	1461.79	1167.55	1694.38	1643.26	980.424	556.181	1961.85	873.061	1181.33	567.472	1475.96	0	1129.24	963.328	1092.58	477.79	2113.62	2174.15	1460.54	2121.52	1168.05	1121.47	1862.13	1866.51	1457.02	2284.74	1595.81	974.935	2328.29	1250.7	1629.25	1429.59	2222.08	825.469	1169.83	1201.27	1698.62	249.991	1660.57	1234.74	2134.87	1245.92	852.065	1764.14	1762.08	1874.06	2082.35	602.242	899.906	
1379.45	478.044	1305.5	833.938	576.039	728.921	1189.66	1048.75	441.724	812.998	1235.64	549.5	629.817	949.665	1109.48	719.645	1124.28	467.894	1129.24	0	393.47	406.804	652.891	1285.27	1047.83	353.901	1025.8	604.295	350.326	876.707	1015.67	856.033	1166.12	980.452	188.878	1199.91	571.599	524.258	804.02	1101.16	308.621	740.087	1384.37	830.268	896.098	781.521	560.254	1194.05	1185.07	1051.6	1216.17	970.736	800.631	971.334	1160.09	750.706	
1328.64	419.773	1667.18	453.791	966.207	1045.49	1520.02	1373.08	208.994	1205.89	1569.53	160.51	633.041	999.724	1248.93	1023.51	791.579	860.206	963.328	393.47	0	131.398	556.257	1678.49	1336.63	576.622	1365.85	285.258	161.445	898.916	923.049	1210.42	1472.51	739.441	232.228	1472.98	321.129	877.368	1160.26	1314.02	290.166	388.112	990.917	745.484	713.384	1174.07	304.438	1176.33	1426.63	667.203	959.874	833.918	930.342	1162.02	821.077	950.419	
1459.65	544.011	1709.59	521.352	979.791	979.953	1454.09	1435.27	77.9269	1210.51	1627.92	184.261	756.289	873.504	1360.86	1091.66	886.232	854.443	1092.58	406.804	131.398	0	686.45	1679.37	1255.55	500.891	1306.36	200.387	66.6845	771.032	792.384	1256.61	1396.55	629.307	295.067	1385.09	202.026	833.893	1205.16	1211.14	396.89	333.288	1006.64	614.147	842.849	1180.35	186.133	1045.18	1517.58	721.141	856.891	705.766	816.111	1055.98	911.969	1047.38	
774.746	175.448	1514.97	617.31	1021.45	1372.6	1816.08	1153.13	764.376	1260.05	1350.82	631.943	160.34	1525.57	777.796	821.698	663.681	1010.14	477.79	652.891	556.257	686.45	0	1704.84	1696.38	991.329	1647.4	815.703	698.17	1432.35	1478.82	1085.02	1807.41	1273.36	509.398	1850.79	873.761	1152.56	1047.86	1750.61	355.156	866.992	1182.12	1299.33	263.571	1225.62	856.999	1724.34	1057.79	786.551	1476.51	1389.69	1417.87	1614.69	707.658	601.543	
2090.28	1585.71	539.745	2105.64	717.613	953.595	853.017	788.809	1693.7	472.979	741.4	1834.47	1573.98	1685.33	1483.31	943.155	2334.28	825.076	2113.62	1285.27	1678.49	1679.37	1704.84	0	1044.91	1281.67	785.876	1863.67	1615.72	1699.47	1967.74	673.395	982.18	2130.98	1457.9	1146.79	1801.74	920.869	690.492	1340.71	1504.92	2006.46	2669.26	1833.33	1961.43	505.585	1795.52	1960.38	1181.2	2323.93	2354.15	1998.1	1466.03	1367.33	2375.53	1239.7	
2372.11	1523.48	1463.64	1776.76	901.836	327.346	271.763	1480.25	1219.55	862.724	1565.41	1439.41	1647.07	765.533	1940.47	1353.23	2127.72	779.674	2174.15	1047.83	1336.63	1255.55	1696.38	1044.91	0	760.027	259.295	1358.81	1193.71	827.554	1110.16	1240.63	153.568	1408.46	1219.9	161.811	1258.36	559.007	1207.29	300.943	1356.18	1489.86	2208.49	1046.2	1943.88	869.965	1262.08	999.042	1819.16	1973.58	1583.8	1189.12	589.743	377.164	2157.7	1575.3	
1732.37	816.238	1441.18	1019.69	669.632	480.13	953.414	1260.39	476.415	845.873	1424.92	685.028	982.096	615.291	1443.08	977.057	1367.97	498.359	1460.54	353.901	576.622	500.891	991.329	1281.67	760.027	0	808.406	634.343	436.778	559.055	756.412	1032.78	897.454	850.26	485.671	897.816	548.855	369.086	981.545	761.834	636.621	775.986	1489.85	587.831	1218.46	823.275	547.226	879.035	1468.81	1222.03	1077.28	749.425	448.68	623.374	1397.7	1073.83	
2270.15	1481.51	1219.76	1818.16	740.326	329.445	170.254	1270.36	1284.79	647.666	1337.3	1489.3	1575.29	975.759	1789.77	1188.76	2143.6	659.317	2121.52	1025.8	1365.85	1306.36	1647.4	785.876	259.295	808.406	0	1439.83	1240.74	1020.02	1303.88	1039.23	225.189	1561.72	1211.13	373.692	1347.97	501.663	1012.28	558.198	1329.58	1579	2296.58	1212.77	1905.26	661.429	1348.57	1229.21	1629	2025.93	1755.84	1367.12	775.044	609.554	2177.26	1438.31	
