Number of Customers
50
Number of Robot stations
5
Number of Trucks
1
Number of Robots per station
1
Truck Capacity [kg]
600
Number of no-fly zones:
10
Nodes in no-fly zones:
21 45 36 28 30 9 18 43 1 13 
Drone speed [m/s]
8.33
Drone battery [J]
600000
Maximum robot driving time [s]
3600
Pacel weight [node] [kg]
0	0
1	3.87665
2	2.82822
3	0.992608
4	1.65672
5	2.4946
6	4.53313
7	1.98646
8	3.59776
9	0.36693
10	3.24783
11	3.89684
12	0.151292
13	4.70241
14	0.795813
15	1.95535
16	1.07067
17	2.35253
18	0.544884
19	3.64127
20	2.21854
21	2.27522
22	3.1282
23	0.483123
24	2.17607
25	3.47588
26	0.335826
27	4.14493
28	2.39859
29	2.49983
30	2.24591
31	2.39724
32	2.71083
33	0.21066
34	2.80639
35	1.73074
36	1.48235
37	4.32542
38	2.23933
39	2.4116
40	2.47291
41	2.14018
42	1.27584
43	4.13281
44	3.39019
45	2.82284
46	2.29496
47	0.765905
48	2.44749
49	1.19808
50	0.974813
51	0
52	0
53	0
54	0
55	0
Node	latitud	longitud	t-start [s]	t-stop[s]	address
Depot
0	52.3405	4.84348	0	28800		Pilotenstraat 26, Amsterdam	
Customers
1	52.3593	4.85073	798	11598		Antillenstraat 25, 1058GX Amsterdam	
2	52.3891	4.87905	3565	14365		Assendelftstraat 6B, 1013SP Amsterdam	
3	52.3491	4.90869	1787	12587		Borssenburgstraat 2, 1078VC Amsterdam	
4	52.3575	4.94674	15525	26325		Carolina MacGillavrylaan 539, 1098XA Amsterdam	
5	52.4177	4.88532	177	10977		Circusplein 32, 1033ZG Amsterdam	
6	52.3535	4.8897	4406	15206		Eerste Jan van der Heijdenstraat 101, 1072TM Amsterdam	
7	52.4049	4.93237	817	11617		Elzenhagensingel 91, 1022LA Amsterdam	
8	52.3489	4.93431	309	11109		Fibigerstraat 3, 1097KA Amsterdam	
9	52.3577	4.90286	14589	25389		Govert Flinckstraat 351, 1074CD Amsterdam	
10	52.3548	4.89098	5692	16492		Govert Flinckstraat 95, 1072EE Amsterdam	
11	52.3825	4.87281	10953	21753		Groen van Prinstererstraat 71, 1051EK Amsterdam	
12	52.3691	4.89905	7273	18073		Groenburgwal 17B, 1011HR Amsterdam	
13	52.3541	4.85008	3539	14339		Haarlemmermeerstraat 100, 1058KE Amsterdam	
14	52.3947	4.87677	3433	14233		Haparandaweg 492, 1013BD Amsterdam	
15	52.4104	4.89088	15550	26350		Hellingbaan 62, 1033DB Amsterdam	
16	52.3615	4.85873	1174	11974		Jacob van Lennepkade 293, 1054ZV Amsterdam	
17	52.3511	4.90426	13283	24083		Jan Lievensstraat 24, 1074TP Amsterdam	
18	52.3367	4.91325	10304	21104		Joan Muyskenweg 6C, 1096CJ Amsterdam	
19	52.3988	4.90584	17314	28114		Klaprozenweg 43C, 1032KK Amsterdam	
20	52.3772	4.89139	4734	15534		Korsjespoortsteeg 5C, 1015AP Amsterdam	
21	52.379	4.87474	130	10930		Kostverlorenstraat 2, 1052GV Amsterdam	
22	52.3665	4.88447	2935	13735		Leidsegracht 35, 1017NB Amsterdam	
23	52.3536	4.8467	642	11442		Leiduinstraat 24, 1058SK Amsterdam	
24	52.3523	4.93327	6867	17667		Middenweg 107, 1098AH Amsterdam	
25	52.3929	4.92915	21	10821		Noord-Bevelandstraat 19, 1025NP Amsterdam	
26	52.3614	4.89346	464	11264		Noorderstraat 53D, 1017TS Amsterdam	
27	52.3762	4.90731	4251	15051		Oosterdokskade 129, 1011DL Amsterdam	
28	52.3618	4.8723	8048	18848		Overtoom 161A, 1054HG Amsterdam	
29	52.3694	4.93394	12661	23461		Panamalaan 471, 1019AS Amsterdam	
30	52.345	4.86731	9374	20174		Parnassusweg 32, 1076AS Amsterdam	
31	52.3393	4.89981	897	11697		Peelstraat 18, 1079RN Amsterdam	
32	52.3696	4.88331	14395	25195		Prinsengracht 487C, 1016HP Amsterdam	
33	52.3477	4.8909	3535	14335		Scheldestraat 14, 1078GK Amsterdam	
34	52.3954	4.94656	10697	21497		Schoorlstraat 208, 1024PZ Amsterdam	
35	52.3614	4.94428	10013	20813		Semarangstraat 21, 1095GA Amsterdam	
36	52.387	4.88166	17014	27814		Spaarndammerstraat 22C, 1013SW Amsterdam	
37	52.3625	4.88728	4116	14916		Spiegelgracht 8, 1017JR Amsterdam	
38	52.3502	4.84874	12649	23449		Stolwijkstraat 43, 1059XT Amsterdam	
39	52.3796	4.9242	14062	24862		Sumatrakade 1433, 1019RP Amsterdam	
40	52.3785	4.92923	2179	12979		Taman Sapituin 15, 1019SJ Amsterdam	
41	52.3679	4.86642	11570	22370		Ten Katestraat 11, 1053BV Amsterdam	
42	52.3555	4.92751	2747	13547		Transvaalstraat 5, 1092HA Amsterdam	
43	52.3582	4.93811	14435	25235		Valentijnkade 8, 1094SN Amsterdam	
44	52.3609	4.85078	10911	21711		Van Walbeeckstraat 37A, 1058CH Amsterdam	
45	52.4178	4.90219	10290	21090		Van Zeggelaarstraat 2, 1035VD Amsterdam	
46	52.4038	4.88693	2479	13279		Werfstraat 114, 1033SW Amsterdam	
47	52.3446	4.88818	13682	24482		Wielingenstraat 28M, 1078KL Amsterdam	
48	52.3711	4.86404	5500	16300		Willem de Zwijgerlaan 38, 1056JS Amsterdam	
49	52.3918	4.87227	14544	25344		Zaanhof 8, 1013XV Amsterdam	
50	52.3754	4.9009	4588	15388		Zeedijk 32L, 1012AZ Amsterdam	
Robot stations
51	52.3738	4.89578	0	28800		Amsterdam Centrum	
52	52.4017	4.91516	0	28800		Amsterdam Noord	
53	52.3528	4.93056	0	28800		Amsterdam Oost	
54	52.375	4.86667	0	28800		Amsterdam West	
55	52.3464	4.85861	0	28800		Amsterdam Zuid	
Truck driving time matrix [s]
0 414 878 728 839 851 817 1079 927 944 863 786 1361 307 762 937 605 728 598 1139 1064 763 993 407 881 1115 891 1194 622 1201 530 539 912 545 996 1197 826 777 256 1175 1276 693 993 1071 497 1020 1108 514 732 803 1241 1375 1067 890 653 510 
448 0 817 865 1201 795 688 1024 1076 761 738 710 1290 206 716 883 324 838 778 1085 986 615 683 326 1031 1378 721 1136 341 1141 400 726 630 602 1461 1262 762 591 342 1115 1175 366 1143 1212 120 966 1054 596 502 748 1154 1272 1012 1040 504 380 
869 756 0 1106 925 721 944 925 1081 933 997 353 747 748 343 807 905 1080 1240 990 425 387 823 868 1020 936 920 553 920 691 1019 1193 653 998 1030 946 88 910 837 534 630 915 1059 920 859 890 974 1050 715 219 596 729 1057 1029 635 1000 
998 904 1169 0 625 1142 466 902 492 302 491 1163 903 788 1212 1163 966 152 288 962 1027 1093 678 933 447 913 529 865 909 685 567 321 835 269 993 742 1112 568 799 828 917 1130 559 636 983 1142 1224 321 1185 1215 887 1005 1021 456 1192 609 
1436 1343 923 582 0 1004 925 858 278 666 974 1030 909 1226 963 1114 1404 678 657 920 783 979 1057 1372 293 868 908 708 1296 329 860 725 1053 728 814 276 872 962 1236 510 568 1499 401 150 1421 1005 1196 780 1397 966 764 895 980 320 1225 1056 
814 702 564 1177 962 0 1260 503 869 1200 1321 783 1181 694 483 225 892 1233 1062 407 817 812 1208 813 883 539 1239 898 909 1045 969 1003 1027 1010 591 919 601 1172 783 880 978 927 1200 957 805 313 376 978 813 487 1027 1078 521 1181 734 949 
845 759 950 404 741 1126 0 886 674 322 193 899 887 641 1146 1146 814 361 516 945 1010 828 568 786 628 896 415 848 682 705 463 457 655 256 977 762 899 341 652 822 901 866 655 718 831 1126 1207 324 921 1081 871 988 1004 637 928 505 
972 862 905 885 818 376 1119 0 963 773 1096 1017 758 854 643 486 1050 939 1027 279 773 963 1097 971 879 247 946 592 1378 640 1282 1097 1043 1013 243 775 857 1019 941 577 673 1084 907 873 962 404 551 1092 971 647 621 754 202 888 894 1323 
1254 1160 1052 410 271 1133 743 986 0 581 791 1159 1012 1044 1091 1243 1222 506 485 1049 912 1107 961 1189 181 997 818 845 1199 461 836 554 1115 557 942 408 1001 859 1054 642 700 1403 375 282 1239 1133 1325 608 1458 1095 893 1024 1109 208 1354 873 
999 943 926 203 536 899 439 659 473 0 413 1034 660 828 968 919 983 258 345 719 783 972 515 966 428 669 366 614 771 430 615 413 672 331 750 557 868 416 835 578 674 1031 454 513 991 899 980 408 1089 972 643 761 777 437 1097 656 
1098 1043 1161 399 737 1134 533 893 669 236 0 1135 894 927 1203 1155 1051 357 535 954 1019 1040 612 1065 624 904 463 848 843 664 713 568 769 430 985 758 1104 502 935 812 908 1098 651 713 1091 1134 1216 506 1157 1207 877 997 1013 633 1164 755 
859 746 339 1040 1031 898 880 1031 1186 869 931 0 846 738 529 986 685 1013 1174 1095 524 160 690 858 1125 1041 797 653 727 790 1021 1127 532 932 1134 1051 287 690 827 634 730 708 1164 1026 755 1079 1167 983 587 468 696 829 1162 1134 417 998 
1516 1460 877 763 951 966 980 723 903 642 960 987 0 1344 920 983 1431 818 905 788 735 936 961 1482 858 734 825 555 1232 717 1137 961 1009 891 827 965 826 897 1352 654 750 1479 877 934 1501 966 1044 957 1379 923 496 572 853 867 1208 1177 
336 153 757 769 1105 730 600 960 980 722 658 670 1242 0 649 818 345 742 686 1020 945 650 701 147 935 1332 681 1075 362 1095 313 639 651 514 1416 1217 708 559 136 1056 1157 432 1047 1116 237 901 989 508 568 689 1122 1256 948 944 539 293 
736 624 244 1136 923 588 1012 923 1079 992 1064 441 728 615 0 674 812 1147 977 988 453 475 840 734 1018 934 988 535 828 673 885 919 659 1065 1028 945 237 978 704 516 612 870 1057 918 726 756 840 894 671 167 578 711 800 1027 591 866 
895 783 644 1120 1127 230 1355 475 1198 995 1331 864 976 775 564 0 973 1175 1262 201 898 893 1332 894 1115 553 1182 794 990 839 1050 1332 1107 1248 651 1148 682 1254 864 779 876 1007 1142 1109 886 346 171 1327 894 568 821 972 315 1124 815 1029 
590 333 881 887 1191 933 722 1315 1160 711 780 795 1291 348 863 1021 0 858 862 1378 994 700 624 468 1115 1326 662 1140 282 1089 472 800 571 673 1410 1210 829 533 452 1132 1176 426 1114 1169 412 1104 1191 667 582 890 1155 1273 1150 1124 589 451 
989 902 1080 218 621 1053 405 814 488 213 402 1074 815 785 1123 1074 962 0 285 874 938 1004 590 930 443 825 441 777 821 596 565 318 747 267 905 653 1023 480 796 740 829 1041 546 609 977 1053 1135 318 1096 1126 799 916 932 452 1103 606 
1062 969 1262 289 634 1235 530 1001 501 460 588 1245 1002 852 1305 1256 1031 323 0 1055 1120 1174 849 998 456 1010 701 958 1037 778 589 221 1007 334 668 771 1205 698 863 922 1013 1212 567 645 1048 1236 1317 328 1267 1308 987 1098 1114 465 1274 673 
1095 983 841 1000 1007 416 1235 350 1078 875 1211 1133 856 974 760 207 1173 1055 1142 0 874 1079 1212 1093 995 428 1062 673 1190 719 1398 1212 1158 1128 525 1028 880 1134 1063 658 756 1207 1022 989 1085 359 272 1207 1094 764 701 852 190 1004 1014 1229 
1124 1011 400 1049 837 1024 1102 837 992 905 1132 510 652 1003 557 1130 949 1102 1189 901 0 501 667 1122 932 848 855 458 965 596 1276 1258 539 1132 941 858 349 923 1092 440 536 996 971 832 1018 1103 1220 1173 871 530 502 634 969 940 735 1257 
809 644 214 881 906 846 719 907 1062 708 772 95 722 708 404 932 525 854 1015 971 400 0 530 808 1001 917 636 528 567 666 902 968 372 773 1010 927 162 530 777 509 605 547 1040 902 595 1015 1099 824 426 343 571 704 1038 1010 257 890 
923 618 620 653 928 1140 572 1051 904 477 630 569 923 682 811 1314 498 624 795 1114 577 474 0 801 877 1062 262 729 425 850 815 829 184 631 1145 949 569 334 817 711 806 546 875 910 568 1294 1375 677 598 750 773 905 1173 884 605 855 
405 233 841 873 1209 814 695 1044 1085 827 753 752 1326 107 729 902 425 846 791 1104 1029 730 785 0 1040 1437 784 1159 442 1200 408 734 731 609 1132 1321 792 655 231 1140 1241 512 1151 1220 316 985 1073 603 648 773 1205 1340 1032 1049 619 388 
1265 1171 995 426 212 1077 753 929 110 597 802 1103 981 1055 1035 1186 1233 522 501 993 855 1051 972 1200 0 940 829 788 1210 402 846 570 1125 573 885 349 944 870 1065 583 641 1414 326 223 1250 1077 1269 624 1469 1038 836 967 1052 152 1297 884 
1099 989 882 862 869 503 1097 253 940 748 1073 994 732 981 925 590 1444 917 1004 382 747 940 1074 1098 857 0 924 567 1355 614 1259 1074 1020 990 269 890 834 996 1068 552 648 1492 884 850 1090 503 654 1069 1390 928 596 729 398 866 1219 1300 
1003 872 875 469 772 1137 460 894 739 293 517 823 896 834 992 1158 752 440 610 958 741 728 267 946 693 906 0 849 676 666 703 651 431 513 989 792 823 182 845 813 910 800 691 748 822 1138 1219 564 852 995 878 1000 1016 702 859 745 
1208 1101 528 836 688 952 1066 688 842 705 1042 638 452 1091 570 980 1046 889 976 752 386 586 833 1207 782 698 896 0 1063 447 1223 1043 659 962 791 709 476 968 1177 290 386 1094 820 683 1116 953 1070 1037 992 574 302 434 818 791 821 1263 
659 403 887 889 1139 1021 760 1262 1084 748 820 786 1238 418 973 1109 270 889 970 1326 941 682 654 537 1054 1274 695 1088 0 1037 541 887 601 750 1357 1158 835 562 521 1080 1124 407 1062 1117 429 1192 1301 744 563 964 1102 1220 1384 1063 570 521 
1365 1184 599 621 315 842 820 580 466 500 799 709 588 1194 641 870 1129 674 745 644 457 657 861 1332 457 591 734 383 1107 0 990 799 732 734 684 336 547 789 1201 185 281 1177 494 310 1199 842 955 797 1076 645 438 571 710 466 904 1027 
579 486 1070 538 847 1090 353 1106 738 595 411 1018 1107 367 1019 1366 547 511 484 1166 1124 929 776 514 697 1117 645 1068 564 931 0 425 762 267 1197 984 1018 520 379 1042 1121 744 792 858 564 1346 1427 242 885 1046 1091 1208 1224 710 887 144 
984 900 1227 289 634 1243 455 1009 501 460 513 1176 1010 772 1313 1264 959 320 160 1063 1128 1105 831 927 456 1018 697 966 968 785 488 0 941 259 1095 778 1175 623 782 930 1021 1119 567 645 973 1243 1325 227 1198 1316 995 1106 1122 465 1205 591 
911 605 560 731 1006 1127 635 1078 982 555 693 509 894 669 750 1369 486 702 873 1141 534 414 233 789 955 1089 340 695 488 832 864 893 0 694 1180 1027 508 412 805 676 772 534 953 988 556 1342 1453 740 585 689 738 876 1208 962 586 843 
781 696 964 336 680 1150 197 910 548 344 255 913 911 578 1160 1170 759 309 338 970 1035 842 642 725 502 921 488 872 705 727 358 279 678 0 1001 791 913 364 589 846 925 880 614 692 769 1150 1231 155 935 1095 895 1012 1028 511 942 399 
1150 1040 959 939 770 556 1173 244 732 825 1149 1070 809 1032 1001 685 1520 993 1080 478 824 1017 1150 1149 746 246 1000 644 1431 691 1335 1150 1096 1066 0 727 911 1072 1119 629 725 1568 961 765 1140 603 750 1145 1149 1005 673 805 401 942 1295 1376 
1467 1376 836 634 166 857 927 690 318 581 901 943 822 1259 875 1027 1364 730 707 833 697 891 970 1405 332 781 820 623 1209 244 1051 777 966 780 666 0 784 875 1269 425 483 1411 422 162 1433 858 1109 832 1310 879 678 808 893 359 1138 1089 
837 724 58 1018 837 688 856 837 992 845 909 265 659 716 273 775 817 991 1152 902 337 299 735 835 932 848 832 465 832 603 986 1105 565 910 941 858 0 822 805 446 542 827 971 832 832 858 941 961 627 187 508 641 969 941 547 967 
1052 747 750 702 977 1269 661 1099 953 526 718 699 1070 811 940 1363 628 674 844 1163 725 604 317 930 926 1111 311 877 555 899 904 884 314 719 1194 998 698 0 946 858 954 675 923 958 697 1343 1424 765 727 879 920 1052 1221 933 735 944 
342 263 865 807 1143 838 620 1069 1018 760 678 778 1360 110 762 926 455 780 718 1130 1054 763 809 169 973 1370 709 1184 472 1133 333 659 764 534 1453 1254 816 579 0 1165 1266 542 1084 1153 347 1010 1098 528 678 797 1231 1365 1057 982 649 313 
1203 1097 515 715 460 755 933 496 611 593 912 625 504 1086 557 782 1042 784 871 560 373 573 829 1202 590 506 796 299 1058 255 1103 912 646 860 599 481 463 898 1173 0 96 1089 627 455 1111 755 872 910 988 561 354 486 625 599 816 1139 
1293 1186 604 804 471 844 1022 585 623 683 1001 714 593 1175 646 871 1131 873 960 649 462 662 918 1291 637 596 886 388 1148 303 1192 1001 736 950 689 492 552 988 1262 89 0 1179 716 467 1201 844 961 999 1077 650 443 576 715 664 905 1229 
751 446 599 942 1216 954 786 1216 1191 775 844 498 1031 510 786 1037 327 916 1065 1280 734 403 601 629 1147 1227 707 881 384 976 704 1017 454 845 1320 1237 547 597 646 873 917 0 1145 1200 396 1106 1184 887 332 728 895 1014 1348 1156 340 684 
1262 1168 1012 398 265 1062 741 822 211 503 791 1105 895 1053 1047 1082 1230 494 473 895 878 1060 918 1197 101 834 761 719 1167 405 842 541 1073 544 934 402 965 823 1063 590 687 1411 0 276 1247 1062 1143 596 1467 1050 752 891 962 110 1296 882 
1404 1311 869 569 102 950 893 803 253 596 923 976 854 1194 908 1057 1373 665 644 866 728 924 992 1340 267 813 842 655 1231 276 986 713 998 715 759 223 817 897 1205 457 515 1444 369 0 1390 950 1139 767 1342 912 710 840 926 295 1171 1024 
479 50 849 896 1232 826 719 1055 1108 793 769 741 1321 237 748 914 355 869 810 1116 1017 646 714 357 1062 1409 752 1167 372 1172 432 757 661 633 1493 1293 793 623 373 1146 1206 397 1174 1243 0 997 1085 627 533 779 1185 1304 1043 1071 536 411 
964 852 713 1221 998 288 1456 410 907 1110 1433 933 1094 844 633 318 1042 1276 1363 354 967 962 1433 963 1216 604 1283 938 1059 976 1119 1433 1176 1350 599 956 751 1356 933 925 1010 1077 1244 993 955 0 451 1429 963 637 961 1091 398 1225 884 1099 
1015 903 762 1173 1180 348 1408 529 1251 1048 1384 983 1029 895 682 143 1092 1228 1315 255 1047 1012 1385 1013 1168 606 1235 847 1110 892 1169 1385 1227 1301 704 1201 800 1307 984 833 929 1127 1195 1162 1005 453 0 1380 1013 686 875 1025 368 1177 935 1149 
807 716 1044 355 694 1230 282 989 567 429 340 993 991 604 1240 1250 778 328 242 1049 1114 922 721 745 521 1000 573 952 785 807 320 184 758 85 1081 810 992 449 615 926 1004 942 633 705 795 1230 1311 0 1015 1174 974 1092 1108 530 1022 423 
665 432 459 872 1141 798 714 1141 1134 704 770 358 956 496 599 872 397 846 1007 1206 644 262 525 616 1090 1152 632 778 454 901 690 960 377 771 1245 1162 407 526 632 757 842 351 1087 1136 383 941 1019 816 0 588 822 939 977 1099 152 670 
803 690 229 1217 1004 654 1093 1004 1160 1073 1145 525 812 682 296 741 879 1228 1045 1069 536 559 921 801 1099 1015 1069 618 896 756 953 987 742 1146 1109 1026 266 1059 771 600 696 937 1138 999 793 824 908 962 737 0 662 794 868 1108 658 934 
1432 1281 671 663 848 861 896 611 803 542 872 781 289 1260 713 882 1226 717 804 675 529 729 873 1398 757 621 724 348 1148 592 1053 873 802 790 715 869 619 797 1268 529 625 1274 777 824 1296 861 943 867 1172 717 0 307 741 766 1001 1093 
1523 1467 925 807 958 972 987 771 910 702 967 1035 288 1351 967 990 1438 838 912 828 783 983 968 1489 865 781 841 602 1239 764 1144 967 1056 898 845 972 873 904 1359 701 797 1486 884 941 1508 972 1051 963 1426 971 543 0 867 874 1255 1184 
1049 939 804 987 994 470 1221 207 1065 862 1198 1119 843 931 737 331 1127 1042 1128 123 861 1065 1198 1048 982 401 1049 681 1144 726 1384 1198 1144 1114 396 924 958 1120 1018 666 757 1162 1009 975 1039 388 395 1193 1048 741 710 839 0 991 971 1424 
1233 1139 1067 367 282 1166 712 927 180 538 762 1174 983 1024 1106 1187 1201 463 442 999 927 1122 938 1168 70 939 789 823 1178 472 813 511 1094 514 957 419 1016 839 1034 653 713 1382 213 293 1218 1166 1248 565 1438 1110 856 996 1067 0 1369 853 
704 559 384 933 1060 843 779 1060 1194 771 824 283 875 583 574 916 523 906 1068 1125 570 188 609 703 1151 1071 717 698 580 820 822 1021 461 825 1164 1081 333 610 672 679 761 477 1148 1055 509 986 1064 876 271 514 741 858 1192 1159 0 802 
517 423 1057 618 927 1030 434 1186 818 675 492 976 1187 305 960 1118 485 591 492 1246 1162 948 814 452 778 1197 683 1149 502 1011 138 433 792 348 1277 1064 1006 553 317 1123 1201 688 873 938 502 1201 1289 334 826 987 1171 1288 1304 790 829 0 
Drone flying time matrix [s]
0 257 710 544 872 1085 415 1124 749 536 431 610 592 189 772 1009 306 515 571 929 626 574 481 177 749 988 493 705 368 832 203 459 506 398 1115 867 694 463 137 840 863 411 714 807 279 1137 916 368 442 723 660 616 1004 728 498 146 
257 0 460 491 783 829 327 902 695 425 334 359 415 69 518 756 72 450 592 693 408 329 291 82 679 780 349 513 179 691 234 480 299 362 918 763 448 301 122 657 689 172 628 712 22 887 663 363 192 468 462 415 772 656 247 183 
710 460 0 586 694 385 483 483 700 462 469 101 312 524 77 300 404 547 753 254 188 139 305 542 660 411 388 288 369 519 597 685 263 561 556 648 35 361 574 389 433 301 597 634 441 427 206 599 269 66 255 245 339 641 213 594 
544 491 586 0 330 935 165 769 209 124 163 533 279 482 661 831 439 45 170 664 400 486 305 509 205 607 205 362 341 340 342 149 343 146 691 333 552 250 489 426 426 426 176 269 498 919 751 178 468 642 356 347 704 185 486 410 
872 783 694 330 0 946 468 643 153 358 456 689 418 789 756 840 719 357 390 644 522 653 521 817 130 493 437 407 609 190 669 453 541 474 506 55 660 489 805 347 314 669 159 71 783 883 787 507 698 760 443 469 644 146 693 733 
1085 829 385 935 946 0 857 419 1001 813 841 480 657 896 315 107 780 902 1105 302 543 523 683 911 955 487 755 582 754 756 981 1052 642 936 580 892 410 736 948 599 634 682 898 903 808 137 186 976 645 361 579 591 323 941 589 976 
415 327 483 165 468 857 0 769 369 121 20 411 222 323 560 759 274 123 295 619 317 362 179 350 355 616 109 335 180 418 215 206 221 78 727 457 452 123 337 448 464 270 309 399 332 865 672 119 315 531 306 276 676 333 343 270 
1124 902 483 769 643 419 769 0 747 674 749 570 549 954 473 346 834 754 924 231 498 582 644 978 702 163 662 434 755 474 960 914 618 835 171 589 477 674 998 344 354 730 660 625 887 300 370 882 716 520 470 511 146 696 667 985 
749 695 700 209 153 1001 369 747 0 282 362 673 394 690 770 893 638 247 237 705 514 630 469 717 47 588 372 425 534 273 549 309 499 354 629 185 665 424 698 418 397 608 104 128 699 956 828 380 645 763 446 457 722 60 652 618 
536 425 462 124 358 813 121 674 282 0 105 412 156 433 537 710 363 89 293 549 276 365 190 461 258 516 91 249 255 297 336 246 225 166 616 341 427 142 452 340 351 327 203 287 427 802 628 212 364 519 236 223 596 235 374 391 
431 334 469 163 456 841 20 749 362 105 0 399 203 333 545 742 278 119 302 601 299 350 165 361 346 596 90 315 179 401 233 218 208 95 707 443 437 108 349 428 444 266 298 387 338 847 655 137 310 517 287 258 657 324 335 286 
610 359 101 533 689 480 411 570 673 412 399 0 279 422 165 400 303 492 695 346 167 49 234 441 636 479 329 294 277 528 503 617 193 488 625 647 94 291 473 420 463 202 573 623 340 528 306 522 168 124 248 220 429 616 112 496 
592 415 312 279 418 657 222 549 394 156 203 279 0 447 386 555 344 244 448 400 124 238 124 474 358 401 113 116 239 284 413 398 128 294 522 383 277 130 481 248 276 266 294 350 408 650 473 339 286 373 85 68 454 337 275 448 
189 69 524 482 789 896 323 954 690 433 333 422 447 0 584 822 121 443 565 750 456 389 325 28 678 826 367 552 208 713 186 451 341 344 960 774 509 324 52 693 722 227 631 719 91 951 728 335 254 535 502 456 828 656 310 124 
772 518 77 661 756 315 560 473 770 537 545 165 386 584 0 239 467 623 829 243 262 209 381 600 729 427 465 350 441 575 668 762 339 638 568 707 110 437 635 436 479 367 666 698 498 372 147 675 331 53 324 318 326 710 275 661 
1009 756 300 831 840 107 759 346 893 710 742 400 555 822 239 0 703 799 1000 197 443 438 588 839 848 390 655 476 666 650 894 951 548 837 495 786 321 639 873 492 528 601 790 796 736 135 94 878 568 291 474 489 229 834 512 894 
306 72 404 439 719 780 274 834 638 363 278 303 344 121 467 703 0 396 554 629 339 268 220 144 620 710 283 442 111 622 231 447 228 321 847 697 388 233 171 586 617 106 566 648 65 831 609 329 136 419 390 344 707 597 192 201 
515 450 547 45 357 902 123 754 247 89 119 492 244 443 623 799 396 0 206 637 364 444 261 470 237 593 163 336 297 344 312 161 300 118 685 354 513 206 453 414 418 381 199 292 455 891 717 157 423 602 325 311 681 216 442 377 
571 592 753 170 390 1105 295 924 237 293 302 695 448 565 829 1000 554 206 0 832 569 647 462 588 265 761 367 529 473 468 391 115 502 234 830 415 719 405 556 580 573 565 277 351 603 1087 921 230 610 808 526 516 868 257 637 464 
929 693 254 664 644 302 619 231 705 549 601 346 400 750 243 197 629 637 832 0 312 366 465 772 659 206 510 302 565 455 784 795 431 694 335 590 252 507 798 297 332 523 604 603 676 255 168 738 502 289 316 343 85 647 450 799 
626 408 188 400 522 543 317 498 514 276 299 167 124 456 262 443 339 364 569 312 0 138 154 481 476 372 212 130 258 362 473 510 121 394 511 480 153 198 500 269 309 238 412 457 396 549 357 436 237 250 81 57 380 456 203 490 
574 329 139 486 653 523 362 582 630 365 350 49 238 389 209 438 268 444 647 366 138 0 186 409 595 480 281 268 231 499 459 568 144 439 624 614 120 243 439 403 444 164 532 587 311 564 345 473 137 171 219 185 447 574 85 455 
481 291 305 305 521 683 179 644 469 190 165 234 124 325 381 588 220 261 462 465 154 186 0 353 440 506 100 227 117 405 319 383 42 257 636 492 275 57 363 368 398 148 380 451 284 700 498 294 178 352 179 135 532 418 184 341 
177 82 542 509 817 911 350 978 717 461 361 441 474 28 600 839 144 470 588 772 481 409 353 0 706 852 395 578 235 741 204 473 367 369 987 802 529 352 48 720 750 249 659 747 103 969 745 359 273 551 529 483 850 684 329 137 
749 679 660 205 130 955 355 702 47 258 346 636 358 678 729 848 620 237 265 659 476 595 440 706 0 542 346 382 513 228 547 323 468 351 585 150 625 399 690 371 350 583 63 87 682 910 783 382 617 724 405 419 675 23 621 614 
988 780 411 607 493 487 616 163 588 516 596 479 401 826 427 390 710 593 761 206 372 480 506 852 542 0 511 285 622 316 814 753 486 679 146 438 395 529 868 182 192 610 498 468 768 399 373 726 604 463 328 372 164 535 562 846 
493 349 388 205 437 755 109 662 372 91 90 329 113 367 465 655 283 163 367 510 212 281 100 395 346 511 0 228 173 347 305 298 137 184 628 414 356 53 393 349 370 237 288 366 348 757 569 228 273 441 197 168 567 323 284 347 
705 513 288 362 407 582 335 434 425 249 315 294 116 552 350 476 442 336 529 302 130 268 227 578 382 285 228 0 344 235 529 495 214 403 410 360 254 244 590 145 181 351 321 347 504 557 404 449 359 353 53 99 347 365 331 562 
368 179 369 341 609 754 180 755 534 255 179 277 239 208 441 666 111 297 473 565 258 231 117 235 513 622 173 344 0 512 228 374 138 242 753 587 345 123 246 485 515 95 458 538 176 787 573 263 142 401 295 250 637 490 182 234 
832 691 519 340 190 756 418 474 273 297 401 528 284 713 575 650 622 344 468 455 362 499 405 741 228 316 347 235 512 0 633 488 412 455 362 136 486 391 740 158 127 550 192 153 687 696 598 499 570 584 281 317 457 223 553 686 
203 234 597 342 669 981 215 960 549 336 233 503 413 186 668 894 231 312 391 784 473 459 319 204 547 814 305 529 228 633 0 275 353 196 933 664 573 286 167 655 674 306 511 603 252 1013 801 170 350 626 489 450 852 526 401 73 
459 480 685 149 453 1052 206 914 309 246 218 617 398 451 762 951 447 161 115 795 510 568 383 473 323 753 298 495 374 488 275 0 425 133 840 467 653 326 441 573 575 468 313 401 493 1048 866 118 515 735 481 462 842 308 547 349 
506 299 263 343 541 642 221 618 499 225 208 193 128 341 339 548 228 300 502 431 121 144 42 367 468 486 137 214 138 412 353 425 0 299 620 509 233 99 382 359 392 139 406 472 289 662 457 336 158 310 163 116 501 446 154 369 
398 362 561 146 474 936 78 835 354 166 95 488 294 344 638 837 321 118 234 694 394 439 257 369 351 679 184 403 242 455 196 133 299 0 782 472 531 201 345 505 517 336 316 410 372 941 750 46 382 608 379 352 748 330 415 264 
1115 918 556 691 506 580 727 171 629 616 707 625 522 960 568 495 847 685 830 335 511 624 636 987 585 146 628 410 753 362 933 840 620 782 0 455 540 652 999 279 267 749 554 502 906 469 498 828 746 607 458 504 269 584 705 970 
867 763 648 333 55 892 457 589 185 341 443 647 383 774 707 786 697 354 415 590 480 614 492 802 150 438 414 360 587 136 664 467 509 472 455 0 614 465 793 293 259 640 157 66 762 828 734 509 667 713 400 429 588 160 658 726 
694 448 35 552 660 410 452 477 665 427 437 94 277 509 110 321 388 513 719 252 153 120 275 529 625 395 356 254 345 486 573 653 233 531 540 614 0 330 559 360 404 284 562 599 430 444 228 569 256 100 221 210 336 606 201 574 
463 301 361 250 489 736 123 674 424 142 108 291 130 324 437 639 233 206 405 507 198 243 57 352 399 529 53 244 123 391 286 326 99 201 652 465 330 0 354 377 402 184 341 418 298 748 550 240 221 409 204 166 570 376 236 318 
137 122 574 489 805 948 337 998 698 452 349 473 481 52 635 873 171 453 556 798 500 439 363 48 690 868 393 590 246 740 167 441 382 345 999 793 559 354 0 729 756 276 646 736 143 1001 779 330 305 587 541 496 874 668 361 95 
840 657 389 426 347 599 448 344 418 340 428 420 248 693 436 492 586 414 580 297 269 403 368 720 371 182 349 145 485 158 655 573 359 505 279 293 360 377 729 0 44 496 322 307 648 541 443 552 503 453 198 244 304 362 473 694 
863 689 433 426 314 634 464 354 397 351 444 463 276 722 479 528 617 418 573 332 309 444 398 750 350 192 370 181 515 127 674 575 392 517 267 259 404 402 756 44 0 531 306 280 681 569 482 562 540 497 234 279 330 343 512 717 
411 172 301 426 669 682 270 730 608 327 266 202 266 227 367 601 106 381 565 523 238 164 148 249 583 610 237 351 95 550 306 468 139 336 749 640 284 184 276 496 531 0 524 598 158 727 507 358 48 322 298 252 601 560 95 294 
714 628 597 176 159 898 309 660 104 203 298 573 294 631 666 790 566 199 277 604 412 532 380 659 63 498 288 321 458 192 511 313 406 316 554 157 562 341 646 322 306 524 0 93 629 856 724 352 557 661 342 356 624 44 560 575 
807 712 634 269 71 903 399 625 128 287 387 623 350 719 698 796 648 292 351 603 457 587 451 747 87 468 366 347 538 153 603 401 472 410 502 66 599 418 736 307 280 598 93 0 713 848 737 446 628 699 380 403 610 95 624 667 
279 22 441 498 783 808 332 887 699 427 338 340 408 91 498 736 65 455 603 676 396 311 284 103 682 768 348 504 176 687 252 493 289 372 906 762 430 298 143 648 681 158 629 713 0 867 643 375 174 448 452 405 756 659 228 204 
1137 887 427 919 883 137 865 300 956 802 847 528 650 951 372 135 831 891 1087 255 549 564 700 969 910 399 757 557 787 696 1013 1048 662 941 469 828 444 748 1001 541 569 727 856 848 867 0 225 984 696 424 567 589 240 898 641 1017 
916 663 206 751 787 186 672 370 828 628 655 306 473 728 147 94 609 717 921 168 357 345 498 745 783 373 569 404 573 598 801 866 457 750 498 734 228 550 779 443 482 507 724 737 643 225 0 790 474 200 396 406 231 768 418 800 
368 363 599 178 507 976 119 882 380 212 137 522 339 335 675 878 329 157 230 738 436 473 294 359 382 726 228 449 263 499 170 118 336 46 828 509 569 240 330 552 562 358 352 446 375 984 790 0 405 643 424 395 793 362 442 242 
442 192 269 468 698 645 315 716 645 364 310 168 286 254 331 568 136 423 610 502 237 137 178 273 617 604 273 359 142 570 350 515 158 382 746 667 256 221 305 503 540 48 557 628 174 696 474 405 0 284 306 261 583 595 56 333 
723 468 66 642 760 361 531 520 763 519 517 124 373 535 53 291 419 602 808 289 250 171 352 551 724 463 441 353 401 584 626 735 310 608 607 713 100 409 587 453 497 322 661 699 448 424 200 643 284 0 320 307 373 705 229 616 
660 462 255 356 443 579 306 470 446 236 287 248 85 502 324 474 390 325 526 316 81 219 179 529 405 328 197 53 295 281 489 481 163 379 458 400 221 204 541 198 234 298 342 380 452 567 396 424 306 320 0 46 370 386 279 518 
616 415 245 347 469 591 276 511 457 223 258 220 68 456 318 489 344 311 516 343 57 185 135 483 419 372 168 99 250 317 450 462 116 352 504 429 210 166 496 244 279 252 356 403 405 589 406 395 261 307 46 0 404 399 238 475 
1004 772 339 704 644 323 676 146 722 596 657 429 454 828 326 229 707 681 868 85 380 447 532 850 675 164 567 347 637 457 852 842 501 748 269 588 336 570 874 304 330 601 624 610 756 240 231 793 583 373 370 404 0 665 532 870 
728 656 641 185 146 941 333 696 60 235 324 616 337 656 710 834 597 216 257 647 456 574 418 684 23 535 323 365 490 223 526 308 446 330 584 160 606 376 668 362 343 560 44 95 659 898 768 362 595 705 386 399 665 0 599 593 
498 247 213 486 693 589 343 667 652 374 335 112 275 310 275 512 192 442 637 450 203 85 184 329 621 562 284 331 182 553 401 547 154 415 705 658 201 236 361 473 512 95 560 624 228 641 418 442 56 229 279 238 532 599 0 387 
146 183 594 410 733 976 270 985 618 391 286 496 448 124 661 894 201 377 464 799 490 455 341 137 614 846 347 562 234 686 73 349 369 264 970 726 574 318 95 694 717 294 575 667 204 1017 800 242 333 616 518 475 870 593 387 0 
Robot driving time matrix [s]
0 1620 4271 3584 5302 6706 2735 6620 4791 3282 2766 3643 3464 1144 4744 5892 1800 3368 4911 5616 3759 3367 2927 1093 4734 5706 2972 4147 2229 4839 1826 3429 3064 2805 6574 5115 4066 2695 866 4858 5070 2464 4541 4919 1700 6828 5373 2674 2588 4611 3823 3600 5919 4582 3063 1566 
1620 0 2845 2989 4503 5280 2077 5360 4246 2501 2082 2217 2337 477 3318 4466 573 2752 4366 4190 2438 1941 1766 616 4107 4445 2071 3011 1014 3977 1384 3040 1782 2260 5314 4316 2640 1765 849 3802 4014 1061 3793 4120 119 5402 3947 2324 1162 3185 2677 2398 4659 4037 1637 1167 
4186 2760 0 3487 3928 2764 2770 3134 4011 2837 2677 683 1930 3115 513 1950 2395 3253 4688 1674 1141 872 1758 3307 3713 2900 2307 1660 2127 3093 3564 3924 1488 3122 3768 3629 204 2033 3451 2503 2715 1779 3404 3545 2641 2886 1431 3436 1743 480 1427 1484 2171 3654 1366 3628 
3584 2989 3572 0 1980 5575 1105 5055 1378 750 1126 3272 1639 2844 4045 4761 2761 398 1498 4089 2488 2970 1861 3017 1321 4140 1272 2348 2133 2277 1948 1007 2089 818 5009 2082 3367 1576 2916 2697 2910 2678 1257 1658 3069 5641 4242 1041 2879 3924 2077 2119 4353 1169 2991 2244 
5320 4519 4013 1980 0 5955 2635 3993 1060 2138 2634 4035 2412 4469 4486 5141 4205 2262 2611 3901 3010 3744 3073 4643 926 3070 2582 2415 3506 1195 3757 2689 3156 2628 3938 584 3808 2845 4652 2366 1982 3966 843 391 4599 5276 4623 2798 4042 4365 2583 2751 3775 889 3995 4053 
6706 5280 2764 5575 5955 0 5275 2883 6040 4933 5012 3283 4018 5635 2844 814 4915 5359 6776 1888 3598 3392 4264 5827 5743 3234 4577 3615 4647 4810 6084 6259 3994 5457 3781 5656 2769 4538 5971 4290 4502 4300 5433 5572 5161 1097 1405 5771 4263 3034 3498 3641 2133 5683 3899 6149 
2735 2077 2854 1105 2635 5275 0 4594 2358 685 146 2421 1306 1965 3327 4461 1785 812 2544 3628 1860 2119 1115 2138 2205 3679 694 1989 1149 2388 1290 1244 1297 440 4548 2448 2650 740 2067 2732 2945 1699 1856 2252 2157 5180 3943 754 1900 3206 1665 1532 3892 2146 2140 1538 
6620 5360 3134 5055 3993 2883 4594 0 4583 4413 4492 3654 3498 5601 3214 2090 4893 4838 6256 1555 2989 3813 3771 5774 4436 1060 4056 3094 4449 3116 5740 5739 3684 4937 1149 3677 3139 4050 5917 2862 2650 4388 4217 3835 5241 1903 2453 5251 4356 3405 2978 3121 1015 4399 4243 5803 
4791 4246 4095 1378 1060 6040 2358 4583 0 1864 2357 3980 2313 4101 4568 5226 4037 1659 1626 4554 3045 3645 2937 4228 304 3660 2419 2499 3337 1707 3155 2087 3056 2025 4529 1174 3891 2682 4123 2608 2572 3867 649 883 4326 6105 4707 2195 3942 4447 2618 2660 4365 439 3895 3451 
3282 2501 2922 750 2120 4933 685 4413 1864 0 527 2617 1021 2451 3395 4119 2187 549 2101 3447 1753 2315 1157 2625 1712 3498 617 1730 1488 1706 1910 1543 1401 1026 4366 1933 2718 899 2614 2075 2288 2033 1363 1737 2581 4998 3600 1336 2234 3274 1435 1412 3711 1653 2336 2128 
2766 2082 2762 1126 2634 5012 146 4492 2357 527 0 2344 1205 1979 3235 4198 1790 812 2581 3527 1758 2041 1022 2153 2205 3578 592 1888 1155 2233 1383 1312 1205 490 4446 2448 2558 648 2098 2574 2786 1704 1856 2251 2162 5078 3679 804 1906 3114 1563 1430 3791 2145 2063 1601 
3653 2227 683 3325 4035 3277 2474 3648 4003 2670 2397 0 1866 2582 1167 2463 1862 3006 4663 2187 1149 388 1573 2774 3705 3025 2122 1769 1632 3199 3085 3644 1304 2842 3893 3735 637 1846 2918 2628 2841 1250 3396 3651 2108 3399 1944 3118 1106 996 1534 1495 2684 3646 712 3149 
3464 2337 2015 1639 2412 4018 1306 3498 2313 1021 1205 1843 0 2478 2488 3204 2030 1445 2842 2532 924 1508 741 2652 2016 2583 743 791 1326 1765 2494 2410 789 1650 3452 2217 1811 804 2796 1520 1733 1631 1707 2029 2378 4084 2685 1964 1795 2367 520 524 2797 1956 1756 2557 
1144 477 3200 2844 4453 5635 1965 5601 4101 2451 1979 2572 2478 0 3673 4821 733 2606 4221 4545 2710 2296 1907 275 4044 4686 2060 3161 1170 3927 1161 2895 1995 2115 5555 4267 2995 1783 336 3946 4158 1416 3743 4070 557 5757 4302 2008 1517 3540 2820 2580 4899 3892 1992 900 
4659 3233 513 3960 4401 2844 3243 3214 4484 3310 3150 1167 2403 3588 0 2029 2868 3726 5161 1753 1615 1345 2231 3780 4187 2798 2780 2133 2600 3306 4037 4397 1962 3595 3666 4102 677 2506 3924 2785 2997 2253 3877 4018 3114 2965 1511 3909 2216 384 1900 1957 2251 4127 1850 4102 
5892 4466 1950 4761 5141 814 4461 2090 5226 4119 4198 2469 3204 4821 2029 0 4101 4544 5962 1074 2784 2578 3449 5013 4928 2441 3762 2800 3833 3996 5270 5445 3180 4643 2987 4842 1955 3724 5157 3475 3688 3485 4619 4758 4347 962 598 4957 3449 2220 2684 2827 1340 4869 3085 5334 
1800 573 2479 2761 4189 4915 1785 4893 4026 2187 1790 1852 2030 733 2952 4101 0 2514 4168 3825 1977 1576 1317 906 3793 3979 1756 2545 706 3663 1431 2842 1315 2032 4847 4002 2275 1449 1049 3438 3651 664 3479 3806 653 5036 3582 2127 818 2820 2210 1931 4192 3733 1293 1214 
3368 2752 3338 398 2262 5359 812 4838 1659 549 812 2954 1445 2606 3811 4544 2514 0 1779 3873 2174 2651 1542 2780 1602 3924 954 2150 1815 2145 1767 1044 1771 759 4792 2193 3134 1257 2700 2566 2778 2360 1538 1940 2832 5424 4026 1019 2561 3690 1861 1838 4137 1451 2673 2063 
4843 4298 4702 1430 2591 6705 2476 6185 1558 2033 2513 4568 2775 4153 5175 5891 4101 1711 0 5219 3634 4233 3175 4280 1728 5270 2635 3435 3505 3004 3207 2139 3419 2077 6139 2693 4497 2917 4175 3774 3986 4051 1935 2269 4378 6771 5372 2247 4252 5053 3207 3249 5483 1780 4354 3503 
5616 4190 1674 4089 3901 1888 3628 1555 4554 3447 3527 2193 2532 4545 1753 1074 3825 3873 5290 0 2024 2302 2806 4737 4257 1449 3091 2129 3557 3024 4774 4774 2719 3972 2107 3585 1679 3084 4881 2804 2557 3210 3948 4087 4071 1658 993 4286 3173 1944 2012 2155 592 4197 2809 4837 
3759 2438 1226 2488 3010 3598 1860 2989 3045 1753 1758 1149 924 2710 1699 2784 1977 2174 3705 2024 0 861 859 2985 2748 2075 1323 763 1602 2175 2878 3005 768 2204 2943 2711 1022 1188 3027 1657 1869 1455 2439 2627 2319 3575 2265 2518 1422 1578 526 467 2288 2689 1300 2941 
3367 1941 957 2970 3744 3392 2119 3813 3645 2315 2041 335 1508 2296 1430 2578 1576 2651 4305 2302 861 0 1214 2488 3347 2925 1763 1598 1308 2939 2745 3288 945 2486 3793 3475 753 1489 2632 2492 2704 960 3038 3361 1822 3514 2060 2778 924 1303 1332 1167 2800 3288 586 2809 
2927 1766 1843 1861 3073 4264 1115 3771 2937 1157 1022 1549 741 1907 2316 3449 1317 1542 3242 2806 859 1214 0 2080 2676 2857 618 1418 755 2451 2075 2270 269 1468 3725 2877 1638 389 2224 2206 2419 1063 2367 2690 1809 4385 2931 1782 1241 2194 1051 804 3070 2617 1279 2139 
1093 616 3392 3017 4627 5827 2138 5774 4228 2625 2153 2765 2652 275 3865 5013 906 2780 4348 4737 2985 2488 2080 0 4171 4860 2233 3335 1343 4101 1263 2866 2168 2242 5728 4440 3188 1956 288 4119 4332 1608 3917 4244 692 5949 4495 2111 1709 3732 2993 2753 5073 4019 2184 1003 
4742 4123 3798 1329 926 5743 2205 4436 304 1712 2205 3682 2016 4052 4271 4928 3809 1610 1894 4257 2748 3347 2676 4179 0 3513 2186 2202 3109 1410 3106 2038 2759 1976 4382 1027 3594 2448 4074 2311 2523 3570 352 604 4203 5808 4410 2146 3645 4150 2321 2363 4218 152 3598 3402 
5706 4445 2718 4140 3070 3234 3679 1060 3660 3498 3578 3025 2583 4686 2798 2441 3979 3924 5341 1449 2075 2925 2857 4860 3513 0 3142 2180 3534 2193 4825 4825 2770 4023 900 2754 2780 3135 5003 1939 1727 3474 3294 2913 4327 2603 2377 4337 3441 2989 2063 2206 1101 3476 3328 4888 
2972 2071 2391 1272 2582 4577 694 4056 2419 617 592 2077 743 2060 2864 3762 1756 954 2703 3091 1323 1763 618 2233 2186 3142 0 1448 1061 2040 1921 1839 829 1037 4010 2395 2187 312 2304 2072 2284 1565 1872 2199 2152 4642 3244 1351 1743 2743 1128 995 3355 2126 1797 2065 
4147 3011 1744 2348 2415 3615 1989 3094 2499 1730 1888 1769 791 3161 2218 2800 2545 2150 3507 2129 763 1598 1418 3335 2202 2180 1448 0 2009 1477 3177 3114 1335 2333 3048 2116 1540 1487 3479 957 1169 2124 1893 2032 2892 3680 2282 2647 2092 2096 389 613 2393 2143 1995 3240 
2229 1014 2212 2133 3490 4647 1149 4449 3327 1488 1155 1595 1326 1170 2685 3833 706 1815 3573 3557 1602 1308 755 1343 3093 3534 1061 2009 0 2964 1575 2345 840 1505 4402 3303 2008 754 1487 2791 3003 675 2780 3107 1094 4769 3315 1701 876 2563 1668 1428 3747 3034 1289 1585 
4839 3977 3177 2277 1195 4810 2379 3116 1707 1698 2224 3199 1765 3927 3306 3996 3663 2145 3046 3024 2175 2939 2451 4101 1410 2193 2040 1477 2964 0 3608 3035 2504 2677 3062 879 2973 2303 4171 1040 1105 3314 1101 960 4057 4399 3477 2984 3341 3529 1748 1916 2898 1350 3293 3826 
1826 1384 3649 1948 3757 6084 1290 5740 3155 1910 1383 3032 2494 1161 4122 5270 1431 1767 3073 4774 2878 2745 2075 1263 3098 4825 1921 3177 1575 3616 0 1733 2260 1169 5693 3679 3444 1725 1158 3888 4100 1965 3034 3435 1464 6206 4751 978 2225 4000 2853 2719 5038 2946 2681 477 
3429 3040 4009 1007 2689 6259 1244 5739 2087 1543 1312 3591 2410 2895 4482 5445 2842 1044 1943 4774 3005 3288 2270 2866 2029 4825 1839 3114 2345 3042 1733 0 2452 840 5693 2790 3805 1895 2761 3576 3789 2894 1966 2367 3120 6325 4927 759 3096 4361 2810 2678 5038 1878 3310 2088 
3064 1782 1573 2089 3156 3994 1297 3684 3056 1401 1205 1280 789 1995 2046 3180 1315 1771 3487 2719 768 945 269 2168 2759 2770 829 1335 840 2504 2260 2452 0 1650 3638 2960 1369 567 2311 2229 2441 917 2450 2772 1663 4116 2661 1964 1080 1925 1001 722 2983 2699 1073 2325 
