Number of Customers
5
Number of Robot stations
1
Number of Trucks
1
Number of Robots per station
1
Truck Capacity [kg]
600
Number of no-fly zones:
1
Nodes in no-fly zones:
2 
Drone speed [m/s]
8.33
Drone battery [J]
600000
Maximum robot driving time [s]
3600
Pacel weight [node] [kg]
0	0
1	3.62946
2	0.880453
3	4.60372
4	1.47069
5	0.911258
6	0
Node	latitud	longitud	t-start [s]	t-stop[s]	address
Depot
0	52.3405	4.84348	0	28800		Pilotenstraat 26, Amsterdam						
Customers
1	52.3595	4.88994	14628	25428		Eerste Weteringplantsoen 42, 1017SK Amsterdam						
2	52.3624	4.88616	11246	22046		Korte Leidsedwarsstraat 203, 1017RB Amsterdam						
3	52.3613	4.89395	6200	17000		Noorderdwarsstraat 11, 1017TX Amsterdam						
4	52.3605	4.90575	6992	17792		Sarphatistraat 16, 1018GK Amsterdam						
5	52.3617	4.88874	2404	13204		Weteringstraat 20, 1017SN Amsterdam						
Robot station
6	52.3738	4.89578	0	28800		Amsterdam Centrum						
Truck driving time matrix [s]
0 814 775 901 1018 794 1375 
921 0 180 124 215 200 916 
957 161 0 285 377 173 1078 
1062 266 239 0 288 259 991 
1060 315 375 244 0 395 832 
906 111 84 182 326 0 1027 
1523 846 902 808 579 922 0 
Drone flying time matrix [s]
0 197 172 168 107 195 172 
197 0 49 40 95 44 31 
172 49 0 65 65 85 23 
168 40 65 0 77 30 43 
107 95 65 77 0 107 67 
195 44 85 30 107 0 63 
172 31 23 43 67 63 0 
Robot driving time matrix [s]
0 2759 2691 2992 3420 2711 3600 
2759 0 260 268 661 173 1084 
2691 260 0 422 920 141 1087 
2992 268 422 0 600 290 1015 
3420 661 920 600 0 833 1234 
2711 173 141 290 833 0 1041 
3600 1084 1087 1015 1234 1041 0 
Truck driving distance matrix [km]
0 5.18 4.93 5.55 6.41 4.97 11.47 
5.8 0 0.8 0.55 1.24 0.84 4.49 
5.78 0.75 0 1.3 1.99 0.62 5.24 
6.23 1.2 0.96 0 1.34 1 4.59 
6.74 1.62 1.8 1.23 0 1.84 3.97 
5.55 0.51 0.27 0.74 1.75 0 5 
9.36 4.33 4.51 3.94 2.64 4.55 0 
Drone flying distance matrix [km]
0 1.64 1.43 1.4 0.89 1.63 1.43 
1.64 0 0.41 0.34 0.79 0.37 0.26 
1.43 0.41 0 0.54 0.55 0.71 0.19 
1.4 0.34 0.54 0 0.64 0.25 0.36 
0.89 0.79 0.55 0.64 0 0.89 0.56 
1.63 0.37 0.71 0.25 0.89 0 0.52 
1.43 0.26 0.19 0.36 0.56 0.52 0 
Robot driving distance matrix [km]
0 4.6 4.48 4.99 5.7 4.52 6 
4.6 0 0.43 0.45 1.1 0.29 1.81 
4.48 0.43 0 0.7 1.53 0.23 1.81 
4.99 0.45 0.7 0 1 0.48 1.69 
5.7 1.1 1.53 1 0 1.39 2.06 
4.52 0.29 0.23 0.48 1.39 0 1.73 
6 1.81 1.81 1.69 2.06 1.73 0 
