Number of Customers
5
Number of Robot stations
1
Number of Trucks
1
Number of Robots per station
1
Truck Capacity [kg]
600
Number of no-fly zones:
1
Nodes in no-fly zones:
3 
Drone speed [m/s]
8.33
Drone battery [J]
600000
Maximum robot driving time [s]
3600
Pacel weight [node] [kg]
0	0
1	3.66266
2	2.37511
3	4.95484
4	1.15755
5	2.89462
6	0
Node	latitud	longitud	t-start [s]	t-stop[s]	address
Depot
0	52.3405	4.84348	0	28800		Pilotenstraat 26, Amsterdam						
Customers
1	52.3726	4.92218	4889	15689		Jacob Burggraafstraat 17, 1018WA Amsterdam						
2	52.3746	4.92207	9903	20703		Marinierskade 1, 1018HX Amsterdam						
3	52.3706	4.92422	10966	21766		Nieuwe Oostenburgerdwarsstraat 7B, 1018MA Amsterdam						
4	52.3761	4.89888	11340	22140		Warmoesstraat 16M, 1012JD Amsterdam						
5	52.373	4.92561	14880	25680		Windroosplein 122, 1018ZW Amsterdam						
Robot station
6	52.3738	4.89578	0	28800		Amsterdam Centrum						
Truck driving time matrix [s]
0 1329 1154 1359 1302 1373 1375 
1386 0 227 205 471 101 558 
1197 205 0 235 408 280 480 
1337 450 364 0 700 525 763 
1566 769 739 792 0 823 160 
1430 88 271 249 515 0 602 
1523 683 643 713 297 758 0 
Drone flying time matrix [s]
0 216 214 236 266 259 243 
216 0 27 31 52 47 28 
214 27 0 56 54 66 36 
236 31 56 0 51 24 33 
266 52 54 51 0 38 23 
259 47 66 24 38 0 33 
243 28 36 33 23 33 0 
Robot driving time matrix [s]
0 4528 4551 4585 3795 4674 3600 
4528 0 198 342 1237 205 1341 
4551 198 0 535 1125 232 1320 
4617 342 535 0 1374 461 1475 
3795 1237 1125 1342 0 1357 195 
4674 205 232 461 1357 0 1532 
3600 1341 1320 1443 195 1532 0 
Truck driving distance matrix [km]
0 12.92 11.69 13.06 11.25 14.41 11.47 
9.17 0 1.45 0.95 2.28 0.34 2.74 
12.69 1.38 0 1.52 2.34 1.64 2.56 
8.81 2.26 2.87 0 4.74 2.52 4.96 
9.79 3.89 3.86 4.03 0 4.15 0.58 
9.37 0.34 1.65 1.15 2.48 0 2.94 
9.36 3.29 3.26 3.43 0.96 3.55 0 
Drone flying distance matrix [km]
0 1.8 1.79 1.96 2.21 2.16 2.03 
1.8 0 0.22 0.26 0.43 0.39 0.24 
1.79 0.22 0 0.46 0.45 0.55 0.3 
1.96 0.26 0.46 0 0.42 0.2 0.28 
2.21 0.43 0.45 0.42 0 0.31 0.2 
2.16 0.39 0.55 0.2 0.31 0 0.27 
2.03 0.24 0.3 0.28 0.2 0.27 0 
Robot driving distance matrix [km]
0 7.55 7.58 7.64 6.32 7.79 6 
7.55 0 0.33 0.57 2.06 0.34 2.24 
7.58 0.33 0 0.89 1.87 0.39 2.2 
7.7 0.57 0.89 0 2.29 0.77 2.46 
6.32 2.06 1.87 2.24 0 2.26 0.33 
7.79 0.34 0.39 0.77 2.26 0 2.55 
6 2.24 2.2 2.4 0.33 2.55 0 
